{"producer":{"name":"Blender","version":"2.78 (sub 0)","exporter_version":"4.6.1","file":"PR.babylon"},
"autoClear":true,"clearColor":[0.0509,0.0509,0.0509],"ambientColor":[0,0,0],"gravity":[0,-9.81,0],
"materials":[{"name":"PR.0e34ea0e_dds","id":"PR.0e34ea0e_dds","ambient":[0,0,0],"diffuse":[0.7,0.7,0.7],"specular":[0.1,0.1,0.1],"emissive":[0,0,0],"specularPower":6,"alpha":1,"backFaceCulling":true,"checkReadyOnlyOnce":false, 
"ambientTexture":{"name":"0e34ea0e.PNG","level":1,"hasAlpha":1,"coordinatesMode":0,"uOffset":0,"vOffset":0,"uScale":1,"vScale":1,"uAng":0,"vAng":0,"wAng":0,"wrapU":1,"wrapV":1,"coordinatesIndex":0}, 
"diffuseTexture":{"name":"0e34ea0e.PNG","level":1,"hasAlpha":1,"coordinatesMode":0,"uOffset":0,"vOffset":0,"uScale":1,"vScale":1,"uAng":0,"vAng":0,"wAng":0,"wrapU":1,"wrapV":1,"coordinatesIndex":0}, 
"opacityTexture":{"name":"0e34ea0e.PNG","level":1,"hasAlpha":1,"coordinatesMode":0,"uOffset":0,"vOffset":0,"uScale":1,"vScale":1,"uAng":0,"vAng":0,"wAng":0,"wrapU":1,"wrapV":1,"coordinatesIndex":0}},
{"name":"PR.21d2de5f_dds","id":"PR.21d2de5f_dds","ambient":[0,0,0],"diffuse":[0.7,0.7,0.7],"specular":[0.1,0.1,0.1],"emissive":[0,0,0],"specularPower":6,"alpha":1,"backFaceCulling":true,"checkReadyOnlyOnce":false, 
"ambientTexture":{"name":"21d2de5f.PNG","level":1,"hasAlpha":1,"coordinatesMode":0,"uOffset":0,"vOffset":0,"uScale":1,"vScale":1,"uAng":0,"vAng":0,"wAng":0,"wrapU":1,"wrapV":1,"coordinatesIndex":0}, 
"diffuseTexture":{"name":"21d2de5f.PNG","level":1,"hasAlpha":1,"coordinatesMode":0,"uOffset":0,"vOffset":0,"uScale":1,"vScale":1,"uAng":0,"vAng":0,"wAng":0,"wrapU":1,"wrapV":1,"coordinatesIndex":0}, 
"opacityTexture":{"name":"21d2de5f.PNG","level":1,"hasAlpha":1,"coordinatesMode":0,"uOffset":0,"vOffset":0,"uScale":1,"vScale":1,"uAng":0,"vAng":0,"wAng":0,"wrapU":1,"wrapV":1,"coordinatesIndex":0}},
{"name":"PR.114c6d47_dds","id":"PR.114c6d47_dds","ambient":[0,0,0],"diffuse":[0.7,0.7,0.7],"specular":[0.1,0.1,0.1],"emissive":[0,0,0],"specularPower":6,"alpha":1,"backFaceCulling":true,"checkReadyOnlyOnce":false, 
"ambientTexture":{"name":"114c6d47.PNG","level":1,"hasAlpha":1,"coordinatesMode":0,"uOffset":0,"vOffset":0,"uScale":1,"vScale":1,"uAng":0,"vAng":0,"wAng":0,"wrapU":1,"wrapV":1,"coordinatesIndex":0}, 
"diffuseTexture":{"name":"114c6d47.PNG","level":1,"hasAlpha":1,"coordinatesMode":0,"uOffset":0,"vOffset":0,"uScale":1,"vScale":1,"uAng":0,"vAng":0,"wAng":0,"wrapU":1,"wrapV":1,"coordinatesIndex":0}, 
"opacityTexture":{"name":"114c6d47.PNG","level":1,"hasAlpha":1,"coordinatesMode":0,"uOffset":0,"vOffset":0,"uScale":1,"vScale":1,"uAng":0,"vAng":0,"wAng":0,"wrapU":1,"wrapV":1,"coordinatesIndex":0}},
{"name":"PR.Material","id":"PR.Material","ambient":[0.8,0.8,0.8],"diffuse":[0.64,0.64,0.64],"specular":[0.5,0.5,0.5],"emissive":[0,0,0],"specularPower":50,"alpha":1,"backFaceCulling":true,"checkReadyOnlyOnce":false}],
"multiMaterials":[{"name":"PR.Multimaterial#0","id":"PR.Multimaterial#0","materials":["PR.0e34ea0e_dds","PR.21d2de5f_dds","PR.114c6d47_dds"]}],
"skeletons":[{"name":"Armature","id":0,"dimensionsAtRest":[48.4122,151.2932,67.6663],"bones":[
{"name":"Bone","index":0,"matrix":[0.9999,0.0088,-0.0108,0,-0.0109,0.9757,-0.2191,0,-0.0087,-0.2192,-0.9757,0,0.0041,15.1168,5.501,1],"rest":[0.9999,0.0088,-0.0108,0,-0.0109,0.9757,-0.2191,0,-0.0087,-0.2192,-0.9757,0,0.0041,15.1168,5.501,1],"parentBoneIndex":-1,"length":16.136
,"animation":{"dataType":3,"framePerSecond":24,"keys":[
{"frame":1,"values":[0.9999,0.0088,-0.0108,0,-0.0109,0.9757,-0.2191,0,-0.0087,-0.2192,-0.9757,0,0.0041,15.1168,5.501,1]},
{"frame":60,"values":[0.9999,0.0088,-0.0108,0,-0.0109,0.9757,-0.2191,0,-0.0087,-0.2192,-0.9757,0,0.0041,15.1168,5.501,1]}],"loopBehavior":1,"name":"anim","property":"_matrix"}},
{"name":"Bone.001","index":1,"matrix":[0.9998,-0.0178,-0.0016,0,0.012,0.7328,-0.6803,0,0.0133,0.6802,0.7329,0,0,16.136,0,1],"rest":[0.9998,-0.0178,-0.0016,0,0.012,0.7328,-0.6803,0,0.0133,0.6802,0.7329,0,0,16.136,0,1],"parentBoneIndex":0,"length":15.4909
,"animation":{"dataType":3,"framePerSecond":24,"keys":[
{"frame":1,"values":[0.9998,-0.0178,-0.0016,0,0.012,0.7328,-0.6803,0,0.0133,0.6802,0.7329,0,0,16.136,0,1]},
{"frame":60,"values":[0.9998,-0.0178,-0.0016,0,0.012,0.7328,-0.6803,0,0.0133,0.6802,0.7329,0,0,16.136,0,1]}],"loopBehavior":1,"name":"anim","property":"_matrix"}},
{"name":"Bone.002","index":2,"matrix":[-1,-0.0085,-0.001,0,-0.0068,0.7228,0.691,0,-0.0051,0.691,-0.7228,0,0,15.4909,0,1],"rest":[-1,-0.0085,-0.001,0,-0.0068,0.7228,0.691,0,-0.0051,0.691,-0.7228,0,0,15.4909,0,1],"parentBoneIndex":1,"length":6.1334
,"animation":{"dataType":3,"framePerSecond":24,"keys":[
{"frame":1,"values":[-1,-0.0085,-0.001,0,-0.0068,0.7228,0.691,0,-0.0051,0.691,-0.7228,0,0,15.4909,0,1]},
{"frame":60,"values":[-1,-0.0085,-0.001,0,-0.0068,0.7228,0.691,0,-0.0051,0.691,-0.7228,0,0,15.4909,0,1]}],"loopBehavior":1,"name":"anim","property":"_matrix"}},
{"name":"Bone.003","index":3,"matrix":[1,0,-0.0026,0,0.0001,0.9991,0.0414,0,0.0026,-0.0414,0.9991,0,0,6.1334,0,1],"rest":[1,0,-0.0026,0,0.0001,0.9991,0.0414,0,0.0026,-0.0414,0.9991,0,0,6.1334,0,1],"parentBoneIndex":2,"length":6.6262
,"animation":{"dataType":3,"framePerSecond":24,"keys":[
{"frame":1,"values":[1,0,-0.0026,0,0.0001,0.9991,0.0414,0,0.0026,-0.0414,0.9991,0,0,6.1334,0,1]},
{"frame":60,"values":[1,0,-0.0026,0,0.0001,0.9991,0.0414,0,0.0026,-0.0414,0.9991,0,0,6.1334,0,1]}],"loopBehavior":1,"name":"anim","property":"_matrix"}},
{"name":"Bone.004","index":4,"matrix":[1,0,0.0005,0,-0.0001,0.9869,0.1612,0,-0.0005,-0.1612,0.9869,0,0,6.6262,0,1],"rest":[1,0,0.0005,0,-0.0001,0.9869,0.1612,0,-0.0005,-0.1612,0.9869,0,0,6.6262,0,1],"parentBoneIndex":3,"length":15.7757
,"animation":{"dataType":3,"framePerSecond":24,"keys":[
{"frame":1,"values":[1,0,0.0005,0,-0.0001,0.9869,0.1612,0,-0.0005,-0.1612,0.9869,0,0,6.6262,0,1]},
{"frame":60,"values":[1,0,0.0005,0,-0.0001,0.9869,0.1612,0,-0.0005,-0.1612,0.9869,0,0,6.6262,0,1]}],"loopBehavior":1,"name":"anim","property":"_matrix"}},
{"name":"Bone.011","index":5,"matrix":[0.3295,-0.2946,0.897,0,0.9127,-0.1439,-0.3825,0,0.2418,0.9447,0.2214,0,0,6.1334,0,1],"rest":[0.3295,-0.2946,0.897,0,0.9127,-0.1439,-0.3825,0,0.2418,0.9447,0.2214,0,0,6.1334,0,1],"parentBoneIndex":2,"length":12.7664
,"animation":{"dataType":3,"framePerSecond":24,"keys":[
{"frame":1,"values":[0.3295,-0.2946,0.897,0,0.9127,-0.1439,-0.3825,0,0.2418,0.9447,0.2214,0,0,6.1334,0,1]},
{"frame":60,"values":[0.3295,-0.2946,0.897,0,0.9127,-0.1439,-0.3825,0,0.2418,0.9447,0.2214,0,0,6.1334,0,1]}],"loopBehavior":1,"name":"anim","property":"_matrix"}},
{"name":"Bone.015","index":6,"matrix":[0.8724,0.3767,-0.3114,0,-0.4874,0.623,-0.6118,0,-0.0365,0.6855,0.7271,0,0,12.7664,0,1],"rest":[0.9614,-0.2749,0.0123,0,0.2707,0.9527,0.1382,0,-0.0497,-0.1295,0.9903,0,0,12.7664,0,1],"parentBoneIndex":5,"length":24.2339
,"animation":{"dataType":3,"framePerSecond":24,"keys":[
{"frame":1,"values":[0.8422,-0.5071,0.1831,0,0.4141,0.3911,-0.8219,0,0.3452,0.7681,0.5394,0,0,12.7664,0,1]},
{"frame":2,"values":[0.8481,-0.4995,0.1767,0,0.4059,0.3981,-0.8227,0,0.3406,0.7695,0.5403,0,0,12.7664,0,1]},
{"frame":3,"values":[0.8654,-0.4758,0.1573,0,0.3803,0.419,-0.8245,0,0.3264,0.7734,0.5435,0,0,12.7664,0,1]},
{"frame":4,"values":[0.892,-0.4345,0.1248,0,0.3359,0.4523,-0.8262,0,0.3025,0.7789,0.5494,0,0,12.7664,0,1]},
{"frame":5,"values":[0.9241,-0.3738,0.0796,0,0.2714,0.495,-0.8254,0,0.2691,0.7844,0.5589,0,0,12.7664,0,1]},
{"frame":6,"values":[0.9557,-0.2934,0.0238,0,0.1868,0.5419,-0.8194,0,0.2275,0.7876,0.5727,0,0,12.7664,0,1]},
{"frame":7,"values":[0.98,-0.1954,-0.0388,0,0.085,0.5863,-0.8056,0,0.1802,0.7862,0.5911,0,0,12.7664,0,1]},
{"frame":8,"values":[0.991,-0.0857,-0.1029,0,-0.0275,0.6216,-0.7829,0,0.131,0.7787,0.6136,0,0,12.7664,0,1]},
{"frame":9,"values":[0.9863,0.0269,-0.1627,0,-0.1416,0.6435,-0.7522,0,0.0845,0.765,0.6385,0,0,12.7664,0,1]},
{"frame":10,"values":[0.9679,0.1326,-0.2136,0,-0.2475,0.6516,-0.7171,0,0.0441,0.7469,0.6635,0,0,12.7664,0,1]},
{"frame":11,"values":[0.9412,0.2236,-0.2534,0,-0.3377,0.6488,-0.6819,0,0.0119,0.7273,0.6862,0,0,12.7664,0,1]},
{"frame":12,"values":[0.9129,0.2953,-0.282,0,-0.4081,0.6402,-0.6509,0,-0.0117,0.7092,0.7049,0,0,12.7664,0,1]},
{"frame":13,"values":[0.8888,0.3458,-0.3006,0,-0.4574,0.6305,-0.6271,0,-0.0273,0.6949,0.7186,0,0,12.7664,0,1]},
{"frame":14,"values":[0.8731,0.3754,-0.3109,0,-0.4861,0.6233,-0.6125,0,-0.0361,0.6859,0.7268,0,0,12.7664,0,1]},
{"frame":15,"values":[0.8677,0.3851,-0.3142,0,-0.4955,0.6208,-0.6076,0,-0.0389,0.6829,0.7295,0,0,12.7664,0,1]},
{"frame":16,"values":[0.8724,0.3767,-0.3114,0,-0.4874,0.623,-0.6118,0,-0.0365,0.6855,0.7271,0,0,12.7664,0,1]},
{"frame":17,"values":[0.8862,0.3509,-0.3024,0,-0.4624,0.6293,-0.6246,0,-0.0289,0.6934,0.72,0,0,12.7664,0,1]},
{"frame":18,"values":[0.9076,0.3071,-0.2864,0,-0.4196,0.6382,-0.6455,0,-0.0154,0.706,0.7081,0,0,12.7664,0,1]},
{"frame":19,"values":[0.9335,0.2447,-0.2621,0,-0.3585,0.6469,-0.673,0,0.0048,0.7222,0.6916,0,0,12.7664,0,1]},
{"frame":20,"values":[0.9596,0.1649,-0.2281,0,-0.2796,0.6516,-0.7051,0,0.0324,0.7404,0.6714,0,0,12.7664,0,1]},
{"frame":21,"values":[0.9803,0.0705,-0.1843,0,-0.1854,0.6483,-0.7385,0,0.0674,0.7581,0.6486,0,0,12.7664,0,1]},
{"frame":22,"values":[0.9907,-0.0329,-0.1317,0,-0.0812,0.6336,-0.7694,0,0.1087,0.773,0.625,0,0,12.7664,0,1]},
{"frame":23,"values":[0.9878,-0.1378,-0.0732,0,0.0258,0.6066,-0.7946,0,0.1539,0.783,0.6027,0,0,12.7664,0,1]},
{"frame":24,"values":[0.9716,-0.2364,-0.0133,0,0.1274,0.5693,-0.8122,0,0.1995,0.7874,0.5832,0,0,12.7664,0,1]},
{"frame":25,"values":[0.9456,-0.3223,0.0434,0,0.2171,0.5262,-0.8222,0,0.2421,0.7869,0.5676,0,0,12.7664,0,1]},
{"frame":26,"values":[0.9153,-0.3919,0.0928,0,0.2906,0.483,-0.826,0,0.2789,0.783,0.556,0,0,12.7664,0,1]},
{"frame":27,"values":[0.8861,-0.4442,0.1323,0,0.3463,0.4448,-0.826,0,0.3081,0.7777,0.548,0,0,12.7664,0,1]},
{"frame":28,"values":[0.8625,-0.4799,0.1607,0,0.3847,0.4154,-0.8243,0,0.3289,0.7727,0.5429,0,0,12.7664,0,1]},
{"frame":29,"values":[0.8474,-0.5005,0.1775,0,0.4069,0.3972,-0.8226,0,0.3412,0.7693,0.5402,0,0,12.7664,0,1]},
{"frame":30,"values":[0.8422,-0.5071,0.1831,0,0.4141,0.3911,-0.8219,0,0.3452,0.7681,0.5394,0,0,12.7664,0,1]},
{"frame":31,"values":[0.8474,-0.5005,0.1775,0,0.4069,0.3972,-0.8226,0,0.3412,0.7693,0.5402,0,0,12.7664,0,1]},
{"frame":32,"values":[0.8625,-0.4799,0.1607,0,0.3847,0.4154,-0.8243,0,0.3289,0.7727,0.5429,0,0,12.7664,0,1]},
{"frame":33,"values":[0.8861,-0.4442,0.1323,0,0.3463,0.4448,-0.826,0,0.3081,0.7777,0.548,0,0,12.7664,0,1]},
{"frame":34,"values":[0.9153,-0.3919,0.0928,0,0.2906,0.483,-0.826,0,0.2789,0.783,0.556,0,0,12.7664,0,1]},
{"frame":35,"values":[0.9456,-0.3223,0.0434,0,0.2171,0.5262,-0.8222,0,0.2421,0.7869,0.5676,0,0,12.7664,0,1]},
{"frame":36,"values":[0.9716,-0.2364,-0.0133,0,0.1274,0.5693,-0.8122,0,0.1995,0.7874,0.5832,0,0,12.7664,0,1]},
{"frame":37,"values":[0.9878,-0.1378,-0.0732,0,0.0258,0.6066,-0.7946,0,0.1539,0.783,0.6027,0,0,12.7664,0,1]},
{"frame":38,"values":[0.9907,-0.0329,-0.1317,0,-0.0812,0.6336,-0.7694,0,0.1087,0.773,0.625,0,0,12.7664,0,1]},
{"frame":39,"values":[0.9803,0.0705,-0.1843,0,-0.1854,0.6483,-0.7385,0,0.0674,0.7581,0.6486,0,0,12.7664,0,1]},
{"frame":40,"values":[0.9596,0.1649,-0.2281,0,-0.2796,0.6516,-0.7051,0,0.0324,0.7404,0.6714,0,0,12.7664,0,1]},
{"frame":41,"values":[0.9335,0.2447,-0.2621,0,-0.3585,0.6469,-0.673,0,0.0048,0.7222,0.6916,0,0,12.7664,0,1]},
{"frame":42,"values":[0.9076,0.3071,-0.2864,0,-0.4196,0.6382,-0.6455,0,-0.0154,0.706,0.7081,0,0,12.7664,0,1]},
{"frame":43,"values":[0.8862,0.3509,-0.3024,0,-0.4624,0.6293,-0.6246,0,-0.0289,0.6934,0.72,0,0,12.7664,0,1]},
{"frame":44,"values":[0.8724,0.3767,-0.3114,0,-0.4874,0.623,-0.6118,0,-0.0365,0.6855,0.7271,0,0,12.7664,0,1]},
{"frame":45,"values":[0.8677,0.3851,-0.3142,0,-0.4955,0.6208,-0.6076,0,-0.0389,0.6829,0.7295,0,0,12.7664,0,1]},
{"frame":46,"values":[0.8724,0.3767,-0.3114,0,-0.4874,0.623,-0.6118,0,-0.0365,0.6855,0.7271,0,0,12.7664,0,1]},
{"frame":47,"values":[0.8862,0.3509,-0.3024,0,-0.4624,0.6293,-0.6246,0,-0.0289,0.6934,0.72,0,0,12.7664,0,1]},
{"frame":48,"values":[0.9076,0.3071,-0.2864,0,-0.4196,0.6382,-0.6455,0,-0.0154,0.706,0.7081,0,0,12.7664,0,1]},
{"frame":49,"values":[0.9335,0.2447,-0.2621,0,-0.3585,0.6469,-0.673,0,0.0048,0.7222,0.6916,0,0,12.7664,0,1]},
{"frame":50,"values":[0.9596,0.1649,-0.2281,0,-0.2796,0.6516,-0.7051,0,0.0324,0.7404,0.6714,0,0,12.7664,0,1]},
{"frame":51,"values":[0.9803,0.0705,-0.1843,0,-0.1854,0.6483,-0.7385,0,0.0674,0.7581,0.6486,0,0,12.7664,0,1]},
{"frame":52,"values":[0.9907,-0.0329,-0.1317,0,-0.0812,0.6336,-0.7694,0,0.1087,0.773,0.625,0,0,12.7664,0,1]},
{"frame":53,"values":[0.9878,-0.1378,-0.0732,0,0.0258,0.6066,-0.7946,0,0.1539,0.783,0.6027,0,0,12.7664,0,1]},
{"frame":54,"values":[0.9716,-0.2364,-0.0133,0,0.1274,0.5693,-0.8122,0,0.1995,0.7874,0.5832,0,0,12.7664,0,1]},
{"frame":55,"values":[0.9456,-0.3223,0.0434,0,0.2171,0.5262,-0.8222,0,0.2421,0.7869,0.5676,0,0,12.7664,0,1]},
{"frame":56,"values":[0.9153,-0.3919,0.0928,0,0.2906,0.483,-0.826,0,0.2789,0.783,0.556,0,0,12.7664,0,1]},
{"frame":57,"values":[0.8861,-0.4442,0.1323,0,0.3463,0.4448,-0.826,0,0.3081,0.7777,0.548,0,0,12.7664,0,1]},
{"frame":58,"values":[0.8625,-0.4799,0.1607,0,0.3847,0.4154,-0.8243,0,0.3289,0.7727,0.5429,0,0,12.7664,0,1]},
{"frame":59,"values":[0.8474,-0.5005,0.1775,0,0.4069,0.3972,-0.8226,0,0.3412,0.7693,0.5402,0,0,12.7664,0,1]},
{"frame":60,"values":[0.8422,-0.5071,0.1831,0,0.4141,0.3911,-0.8219,0,0.3452,0.7681,0.5394,0,0,12.7664,0,1]}],"loopBehavior":1,"name":"anim","property":"_matrix"}},
{"name":"Bone.016","index":7,"matrix":[0.9495,0.307,-0.065,0,-0.3054,0.9516,0.0329,0,0.072,-0.0113,0.9973,0,0,24.2339,0,1],"rest":[0.9995,-0.0326,-0.0008,0,0.0324,0.9909,0.1306,0,-0.0035,-0.1306,0.9914,0,0,24.2339,0,1],"parentBoneIndex":6,"length":20.6364
,"animation":{"dataType":3,"framePerSecond":24,"keys":[
{"frame":1,"values":[0.7782,0.6274,-0.0264,0,-0.6279,0.7781,-0.0173,0,0.0097,0.03,0.9995,0,0,24.2339,0,1]},
{"frame":2,"values":[0.7808,0.6242,-0.0267,0,-0.6246,0.7807,-0.0167,0,0.0105,0.0297,0.9995,0,0,24.2339,0,1]},
{"frame":3,"values":[0.7886,0.6143,-0.0277,0,-0.6148,0.7886,-0.0147,0,0.0128,0.0287,0.9995,0,0,24.234,0,1]},
{"frame":4,"values":[0.8012,0.5977,-0.0295,0,-0.5982,0.8013,-0.0115,0,0.0167,0.0269,0.9995,0,0,24.2339,0,1]},
{"frame":5,"values":[0.8179,0.5744,-0.032,0,-0.5749,0.8182,-0.0072,0,0.022,0.0243,0.9995,0,0,24.2339,0,1]},
{"frame":6,"values":[0.8376,0.5451,-0.0352,0,-0.5455,0.8381,-0.002,0,0.0284,0.0209,0.9994,0,0,24.2339,0,1]},
{"frame":7,"values":[0.8588,0.5108,-0.0392,0,-0.5111,0.8595,0.0038,0,0.0356,0.0167,0.9992,0,0,24.2339,0,1]},
{"frame":8,"values":[0.8798,0.4734,-0.0436,0,-0.4734,0.8808,0.0098,0,0.0431,0.012,0.999,0,0,24.234,0,1]},
{"frame":9,"values":[0.8991,0.4351,-0.0483,0,-0.4349,0.9004,0.0156,0,0.0503,0.007,0.9987,0,0,24.2339,0,1]},
{"frame":10,"values":[0.9157,0.3984,-0.053,0,-0.3979,0.9172,0.0209,0,0.0569,0.0019,0.9984,0,0,24.2339,0,1]},
{"frame":11,"values":[0.9289,0.3658,-0.0572,0,-0.3649,0.9307,0.0254,0,0.0625,-0.0027,0.998,0,0,24.2339,0,1]},
{"frame":12,"values":[0.9388,0.339,-0.0607,0,-0.3379,0.9407,0.0289,0,0.0669,-0.0066,0.9977,0,0,24.2339,0,1]},
{"frame":13,"values":[0.9455,0.3194,-0.0634,0,-0.318,0.9476,0.0313,0,0.07,-0.0095,0.9975,0,0,24.2339,0,1]},
{"frame":14,"values":[0.9493,0.3075,-0.065,0,-0.306,0.9515,0.0328,0,0.0719,-0.0113,0.9973,0,0,24.2339,0,1]},
{"frame":15,"values":[0.9506,0.3036,-0.0655,0,-0.302,0.9527,0.0333,0,0.0725,-0.0119,0.9973,0,0,24.2339,0,1]},
{"frame":16,"values":[0.9495,0.307,-0.065,0,-0.3054,0.9516,0.0329,0,0.072,-0.0113,0.9973,0,0,24.2339,0,1]},
{"frame":17,"values":[0.9462,0.3173,-0.0636,0,-0.3159,0.9483,0.0316,0,0.0704,-0.0098,0.9975,0,0,24.2339,0,1]},
{"frame":18,"values":[0.9404,0.3345,-0.0613,0,-0.3333,0.9424,0.0294,0,0.0676,-0.0072,0.9977,0,0,24.2339,0,1]},
{"frame":19,"values":[0.9319,0.358,-0.0582,0,-0.3571,0.9337,0.0264,0,0.0638,-0.0038,0.998,0,0,24.2339,0,1]},
{"frame":20,"values":[0.9205,0.387,-0.0544,0,-0.3864,0.9221,0.0225,0,0.0589,0.0003,0.9983,0,0,24.2339,0,1]},
{"frame":21,"values":[0.9061,0.4201,-0.0502,0,-0.4197,0.9075,0.0178,0,0.053,0.0049,0.9986,0,0,24.2339,0,1]},
{"frame":22,"values":[0.8891,0.4555,-0.0458,0,-0.4554,0.8902,0.0126,0,0.0465,0.0097,0.9989,0,0,24.2339,0,1]},
{"frame":23,"values":[0.8701,0.4911,-0.0415,0,-0.4913,0.871,0.007,0,0.0396,0.0143,0.9991,0,0,24.2339,0,1]},
{"frame":24,"values":[0.8503,0.525,-0.0375,0,-0.5254,0.8509,0.0014,0,0.0327,0.0185,0.9993,0,0,24.2339,0,1]},
{"frame":25,"values":[0.8308,0.5555,-0.0341,0,-0.5559,0.8312,-0.0038,0,0.0262,0.0221,0.9994,0,0,24.2339,0,1]},
{"frame":26,"values":[0.8131,0.5813,-0.0312,0,-0.5817,0.8133,-0.0085,0,0.0205,0.0251,0.9995,0,0,24.234,0,1]},
{"frame":27,"values":[0.7983,0.6015,-0.0291,0,-0.602,0.7984,-0.0123,0,0.0158,0.0273,0.9995,0,0,24.234,0,1]},
{"frame":28,"values":[0.7873,0.616,-0.0276,0,-0.6165,0.7872,-0.0151,0,0.0124,0.0288,0.9995,0,0,24.2339,0,1]},
{"frame":29,"values":[0.7805,0.6246,-0.0267,0,-0.6251,0.7804,-0.0167,0,0.0104,0.0297,0.9995,0,0,24.2339,0,1]},
{"frame":30,"values":[0.7782,0.6274,-0.0264,0,-0.6279,0.7781,-0.0173,0,0.0097,0.03,0.9995,0,0,24.2339,0,1]},
{"frame":31,"values":[0.7805,0.6246,-0.0267,0,-0.6251,0.7804,-0.0167,0,0.0104,0.0297,0.9995,0,0,24.2339,0,1]},
{"frame":32,"values":[0.7873,0.616,-0.0276,0,-0.6165,0.7872,-0.0151,0,0.0124,0.0288,0.9995,0,0,24.2339,0,1]},
{"frame":33,"values":[0.7983,0.6015,-0.0291,0,-0.602,0.7984,-0.0123,0,0.0158,0.0273,0.9995,0,0,24.2339,0,1]},
{"frame":34,"values":[0.8131,0.5813,-0.0312,0,-0.5817,0.8133,-0.0085,0,0.0205,0.0251,0.9995,0,0,24.2339,0,1]},
{"frame":35,"values":[0.8308,0.5555,-0.0341,0,-0.5559,0.8312,-0.0038,0,0.0262,0.0221,0.9994,0,0,24.2339,0,1]},
{"frame":36,"values":[0.8503,0.525,-0.0375,0,-0.5254,0.8509,0.0014,0,0.0327,0.0185,0.9993,0,0,24.2339,0,1]},
{"frame":37,"values":[0.8701,0.4911,-0.0415,0,-0.4913,0.871,0.007,0,0.0396,0.0143,0.9991,0,0,24.2339,0,1]},
{"frame":38,"values":[0.8891,0.4555,-0.0458,0,-0.4554,0.8902,0.0126,0,0.0465,0.0097,0.9989,0,0,24.2339,0,1]},
{"frame":39,"values":[0.9061,0.4201,-0.0502,0,-0.4197,0.9075,0.0178,0,0.053,0.0049,0.9986,0,0,24.2339,0,1]},
{"frame":40,"values":[0.9205,0.387,-0.0544,0,-0.3864,0.9221,0.0225,0,0.0589,0.0003,0.9983,0,0,24.2339,0,1]},
{"frame":41,"values":[0.9319,0.358,-0.0582,0,-0.3571,0.9337,0.0264,0,0.0638,-0.0038,0.998,0,0,24.2339,0,1]},
{"frame":42,"values":[0.9404,0.3345,-0.0613,0,-0.3333,0.9424,0.0294,0,0.0676,-0.0072,0.9977,0,0,24.2339,0,1]},
{"frame":43,"values":[0.9462,0.3173,-0.0636,0,-0.3159,0.9483,0.0316,0,0.0704,-0.0098,0.9975,0,0,24.2339,0,1]},
{"frame":44,"values":[0.9495,0.307,-0.065,0,-0.3054,0.9516,0.0329,0,0.072,-0.0113,0.9973,0,0,24.2339,0,1]},
{"frame":45,"values":[0.9506,0.3036,-0.0655,0,-0.302,0.9527,0.0333,0,0.0725,-0.0119,0.9973,0,0,24.2339,0,1]},
{"frame":46,"values":[0.9495,0.307,-0.065,0,-0.3054,0.9516,0.0329,0,0.072,-0.0113,0.9973,0,0,24.2339,0,1]},
{"frame":47,"values":[0.9462,0.3173,-0.0636,0,-0.3159,0.9483,0.0316,0,0.0704,-0.0098,0.9975,0,0,24.2339,0,1]},
{"frame":48,"values":[0.9404,0.3345,-0.0613,0,-0.3333,0.9424,0.0294,0,0.0676,-0.0072,0.9977,0,0,24.2339,0,1]},
{"frame":49,"values":[0.9319,0.358,-0.0582,0,-0.3571,0.9337,0.0264,0,0.0638,-0.0038,0.998,0,0,24.2339,0,1]},
{"frame":50,"values":[0.9205,0.387,-0.0544,0,-0.3864,0.9221,0.0225,0,0.0589,0.0003,0.9983,0,0,24.2339,0,1]},
{"frame":51,"values":[0.9061,0.4201,-0.0502,0,-0.4197,0.9075,0.0178,0,0.053,0.0049,0.9986,0,0,24.2339,0,1]},
{"frame":52,"values":[0.8891,0.4555,-0.0458,0,-0.4554,0.8902,0.0126,0,0.0465,0.0097,0.9989,0,0,24.2339,0,1]},
{"frame":53,"values":[0.8701,0.4911,-0.0415,0,-0.4913,0.871,0.007,0,0.0396,0.0143,0.9991,0,0,24.2339,0,1]},
{"frame":54,"values":[0.8503,0.525,-0.0375,0,-0.5254,0.8509,0.0014,0,0.0327,0.0185,0.9993,0,0,24.2339,0,1]},
{"frame":55,"values":[0.8308,0.5555,-0.0341,0,-0.5559,0.8312,-0.0038,0,0.0262,0.0221,0.9994,0,0,24.2339,0,1]},
{"frame":56,"values":[0.8131,0.5813,-0.0312,0,-0.5817,0.8133,-0.0085,0,0.0205,0.0251,0.9995,0,0,24.234,0,1]},
{"frame":57,"values":[0.7983,0.6015,-0.0291,0,-0.602,0.7984,-0.0123,0,0.0158,0.0273,0.9995,0,0,24.234,0,1]},
{"frame":58,"values":[0.7873,0.616,-0.0276,0,-0.6165,0.7872,-0.0151,0,0.0124,0.0288,0.9995,0,0,24.2339,0,1]},
{"frame":59,"values":[0.7805,0.6246,-0.0267,0,-0.6251,0.7804,-0.0167,0,0.0104,0.0297,0.9995,0,0,24.2339,0,1]},
{"frame":60,"values":[0.7782,0.6274,-0.0264,0,-0.6279,0.7781,-0.0173,0,0.0097,0.03,0.9995,0,0,24.2339,0,1]}],"loopBehavior":1,"name":"anim","property":"_matrix"}},
{"name":"Bone.017","index":8,"matrix":[0.9225,-0.3831,-0.0474,0,0.3773,0.9208,-0.0982,0,0.0813,0.0727,0.994,0,0,20.6364,0,1],"rest":[0.9838,-0.1602,0.0808,0,0.1593,0.9871,0.0185,0,-0.0827,-0.0053,0.9966,0,0,20.6364,0,1],"parentBoneIndex":7,"length":7.0448
,"animation":{"dataType":3,"framePerSecond":24,"keys":[
{"frame":1,"values":[0.9923,0.0881,-0.0871,0,-0.1057,0.9685,-0.2255,0,0.0645,0.233,0.9703,0,0,20.6364,0,1]},
{"frame":2,"values":[0.9928,0.0827,-0.0863,0,-0.1002,0.9694,-0.2242,0,0.0652,0.2312,0.9707,0,0,20.6364,0,1]},
{"frame":3,"values":[0.9942,0.0664,-0.084,0,-0.0836,0.9718,-0.2203,0,0.067,0.2261,0.9718,0,0,20.6364,0,1]},
{"frame":4,"values":[0.996,0.0393,-0.0803,0,-0.0557,0.9753,-0.2137,0,0.0699,0.2173,0.9736,0,0,20.6364,0,1]},
{"frame":5,"values":[0.9971,0.0019,-0.0754,0,-0.0174,0.9787,-0.2045,0,0.0734,0.2052,0.976,0,0,20.6364,0,1]},
{"frame":6,"values":[0.9966,-0.0444,-0.07,0,0.0302,0.9808,-0.1928,0,0.0772,0.19,0.9787,0,0,20.6364,0,1]},
{"frame":7,"values":[0.9932,-0.0973,-0.0644,0,0.0844,0.9802,-0.1791,0,0.0805,0.1724,0.9817,0,0,20.6364,0,1]},
{"frame":8,"values":[0.9864,-0.1535,-0.0593,0,0.1421,0.9762,-0.1641,0,0.083,0.1534,0.9847,0,0,20.6364,0,1]},
{"frame":9,"values":[0.9763,-0.2093,-0.055,0,0.1993,0.9686,-0.1488,0,0.0844,0.1343,0.9873,0,0,20.6364,0,1]},
{"frame":10,"values":[0.9639,-0.2611,-0.0518,0,0.2523,0.9583,-0.1342,0,0.0847,0.1163,0.9896,0,0,20.6364,0,1]},
{"frame":11,"values":[0.9508,-0.3058,-0.0497,0,0.2982,0.9468,-0.1213,0,0.0841,0.1005,0.9914,0,0,20.6364,0,1]},
{"frame":12,"values":[0.9386,-0.3415,-0.0484,0,0.3348,0.9358,-0.1107,0,0.0831,0.0877,0.9927,0,0,20.6364,0,1]},
{"frame":13,"values":[0.9289,-0.3672,-0.0477,0,0.361,0.9268,-0.103,0,0.0821,0.0785,0.9935,0,0,20.6364,0,1]},
{"frame":14,"values":[0.9228,-0.3824,-0.0474,0,0.3767,0.9211,-0.0984,0,0.0813,0.073,0.994,0,0,20.6364,0,1]},
{"frame":15,"values":[0.9207,-0.3875,-0.0473,0,0.3818,0.9191,-0.0969,0,0.081,0.0711,0.9942,0,0,20.6364,0,1]},
{"frame":16,"values":[0.9225,-0.3831,-0.0474,0,0.3773,0.9208,-0.0982,0,0.0813,0.0727,0.994,0,0,20.6364,0,1]},
{"frame":17,"values":[0.9279,-0.3698,-0.0477,0,0.3637,0.9259,-0.1022,0,0.0819,0.0775,0.9936,0,0,20.6364,0,1]},
{"frame":18,"values":[0.9365,-0.3475,-0.0482,0,0.3409,0.9338,-0.109,0,0.0829,0.0856,0.9929,0,0,20.6364,0,1]},
{"frame":19,"values":[0.9474,-0.3163,-0.0493,0,0.3089,0.9437,-0.1182,0,0.0839,0.0968,0.9918,0,0,20.6364,0,1]},
{"frame":20,"values":[0.9595,-0.2769,-0.051,0,0.2685,0.9545,-0.1297,0,0.0846,0.1107,0.9902,0,0,20.6364,0,1]},
{"frame":21,"values":[0.9715,-0.2307,-0.0536,0,0.2212,0.9647,-0.1428,0,0.0846,0.1269,0.9883,0,0,20.6364,0,1]},
{"frame":22,"values":[0.982,-0.1799,-0.0571,0,0.1691,0.973,-0.1569,0,0.0838,0.1444,0.986,0,0,20.6364,0,1]},
{"frame":23,"values":[0.99,-0.1271,-0.0616,0,0.115,0.9785,-0.1712,0,0.082,0.1624,0.9833,0,0,20.6364,0,1]},
{"frame":24,"values":[0.9949,-0.0756,-0.0666,0,0.0621,0.9808,-0.1848,0,0.0793,0.1797,0.9805,0,0,20.6364,0,1]},
{"frame":25,"values":[0.997,-0.0281,-0.0718,0,0.0134,0.9803,-0.1969,0,0.0759,0.1954,0.9778,0,0,20.6364,0,1]},
{"frame":26,"values":[0.997,0.0128,-0.0768,0,-0.0286,0.9779,-0.2072,0,0.0725,0.2088,0.9753,0,0,20.6364,0,1]},
{"frame":27,"values":[0.9957,0.0456,-0.0811,0,-0.0622,0.9746,-0.2153,0,0.0692,0.2194,0.9732,0,0,20.6364,0,1]},
{"frame":28,"values":[0.994,0.0692,-0.0844,0,-0.0864,0.9714,-0.221,0,0.0667,0.227,0.9716,0,0,20.6364,0,1]},
{"frame":29,"values":[0.9928,0.0834,-0.0864,0,-0.101,0.9693,-0.2244,0,0.0651,0.2315,0.9707,0,0,20.6364,0,1]},
{"frame":30,"values":[0.9923,0.0881,-0.0871,0,-0.1057,0.9685,-0.2255,0,0.0645,0.233,0.9703,0,0,20.6364,0,1]},
{"frame":31,"values":[0.9928,0.0834,-0.0864,0,-0.101,0.9693,-0.2244,0,0.0651,0.2315,0.9707,0,0,20.6364,0,1]},
{"frame":32,"values":[0.994,0.0692,-0.0844,0,-0.0864,0.9714,-0.221,0,0.0667,0.227,0.9716,0,0,20.6364,0,1]},
{"frame":33,"values":[0.9957,0.0456,-0.0811,0,-0.0622,0.9746,-0.2153,0,0.0692,0.2194,0.9732,0,0,20.6364,0,1]},
{"frame":34,"values":[0.997,0.0128,-0.0768,0,-0.0286,0.9779,-0.2072,0,0.0725,0.2088,0.9753,0,0,20.6364,0,1]},
{"frame":35,"values":[0.997,-0.0281,-0.0718,0,0.0134,0.9803,-0.1969,0,0.0759,0.1954,0.9778,0,0,20.6364,0,1]},
{"frame":36,"values":[0.9949,-0.0756,-0.0666,0,0.0621,0.9808,-0.1848,0,0.0793,0.1797,0.9805,0,0,20.6364,0,1]},
{"frame":37,"values":[0.99,-0.1271,-0.0616,0,0.115,0.9785,-0.1712,0,0.082,0.1624,0.9833,0,0,20.6364,0,1]},
{"frame":38,"values":[0.982,-0.1799,-0.0571,0,0.1691,0.973,-0.1569,0,0.0838,0.1444,0.986,0,0,20.6364,0,1]},
{"frame":39,"values":[0.9715,-0.2307,-0.0536,0,0.2212,0.9647,-0.1428,0,0.0846,0.1269,0.9883,0,0,20.6364,0,1]},
{"frame":40,"values":[0.9595,-0.2769,-0.051,0,0.2685,0.9545,-0.1297,0,0.0846,0.1107,0.9902,0,0,20.6364,0,1]},
{"frame":41,"values":[0.9474,-0.3163,-0.0493,0,0.3089,0.9437,-0.1182,0,0.0839,0.0968,0.9918,0,0,20.6364,0,1]},
{"frame":42,"values":[0.9365,-0.3475,-0.0482,0,0.3409,0.9338,-0.109,0,0.0829,0.0856,0.9929,0,0,20.6364,0,1]},
{"frame":43,"values":[0.9279,-0.3698,-0.0477,0,0.3637,0.9259,-0.1022,0,0.0819,0.0775,0.9936,0,0,20.6364,0,1]},
{"frame":44,"values":[0.9225,-0.3831,-0.0474,0,0.3773,0.9208,-0.0982,0,0.0813,0.0727,0.994,0,0,20.6364,0,1]},
{"frame":45,"values":[0.9207,-0.3875,-0.0473,0,0.3818,0.9191,-0.0969,0,0.081,0.0711,0.9942,0,0,20.6364,0,1]},
{"frame":46,"values":[0.9225,-0.3831,-0.0474,0,0.3773,0.9208,-0.0982,0,0.0813,0.0727,0.994,0,0,20.6364,0,1]},
{"frame":47,"values":[0.9279,-0.3698,-0.0477,0,0.3637,0.9259,-0.1022,0,0.0819,0.0775,0.9936,0,0,20.6364,0,1]},
{"frame":48,"values":[0.9365,-0.3475,-0.0482,0,0.3409,0.9338,-0.109,0,0.0829,0.0856,0.9929,0,0,20.6364,0,1]},
{"frame":49,"values":[0.9474,-0.3163,-0.0493,0,0.3089,0.9437,-0.1182,0,0.0839,0.0968,0.9918,0,0,20.6364,0,1]},
{"frame":50,"values":[0.9595,-0.2769,-0.051,0,0.2685,0.9545,-0.1297,0,0.0846,0.1107,0.9902,0,0,20.6364,0,1]},
{"frame":51,"values":[0.9715,-0.2307,-0.0536,0,0.2212,0.9647,-0.1428,0,0.0846,0.1269,0.9883,0,0,20.6364,0,1]},
{"frame":52,"values":[0.982,-0.1799,-0.0571,0,0.1691,0.973,-0.1569,0,0.0838,0.1444,0.986,0,0,20.6364,0,1]},
{"frame":53,"values":[0.99,-0.1271,-0.0616,0,0.115,0.9785,-0.1712,0,0.082,0.1624,0.9833,0,0,20.6364,0,1]},
{"frame":54,"values":[0.9949,-0.0756,-0.0666,0,0.0621,0.9808,-0.1848,0,0.0793,0.1797,0.9805,0,0,20.6364,0,1]},
{"frame":55,"values":[0.997,-0.0281,-0.0718,0,0.0134,0.9803,-0.1969,0,0.0759,0.1954,0.9778,0,0,20.6364,0,1]},
{"frame":56,"values":[0.997,0.0128,-0.0768,0,-0.0286,0.9779,-0.2072,0,0.0725,0.2088,0.9753,0,0,20.6364,0,1]},
{"frame":57,"values":[0.9957,0.0456,-0.0811,0,-0.0622,0.9746,-0.2153,0,0.0692,0.2194,0.9732,0,0,20.6364,0,1]},
{"frame":58,"values":[0.994,0.0692,-0.0844,0,-0.0864,0.9714,-0.221,0,0.0667,0.227,0.9716,0,0,20.6364,0,1]},
{"frame":59,"values":[0.9928,0.0834,-0.0864,0,-0.101,0.9693,-0.2244,0,0.0651,0.2315,0.9707,0,0,20.6364,0,1]},
{"frame":60,"values":[0.9923,0.0881,-0.0871,0,-0.1057,0.9685,-0.2255,0,0.0645,0.233,0.9703,0,0,20.6364,0,1]}],"loopBehavior":1,"name":"anim","property":"_matrix"}},
{"name":"Bone.012","index":9,"matrix":[0.2943,0.3036,-0.9062,0,-0.9066,-0.2114,-0.3653,0,-0.3025,0.929,0.2131,0,0,6.1334,0,1],"rest":[0.2943,0.3036,-0.9062,0,-0.9066,-0.2114,-0.3653,0,-0.3025,0.929,0.2131,0,0,6.1334,0,1],"parentBoneIndex":2,"length":13.9711
,"animation":{"dataType":3,"framePerSecond":24,"keys":[
{"frame":1,"values":[0.2943,0.3036,-0.9062,0,-0.9066,-0.2114,-0.3653,0,-0.3025,0.929,0.2131,0,0,6.1334,0,1]},
{"frame":60,"values":[0.2943,0.3036,-0.9062,0,-0.9066,-0.2114,-0.3653,0,-0.3025,0.929,0.2131,0,0,6.1334,0,1]}],"loopBehavior":1,"name":"anim","property":"_matrix"}},
{"name":"Bone.013","index":10,"matrix":[0.5779,0.4431,-0.6854,0,-0.7975,0.1283,-0.5895,0,-0.1733,0.8872,0.4276,0,0,13.9711,0,1],"rest":[0.953,0.303,0.0031,0,-0.2944,0.9233,0.2465,0,0.0718,-0.2359,0.9691,0,0,13.9711,0,1],"parentBoneIndex":9,"length":20.8863
,"animation":{"dataType":3,"framePerSecond":24,"keys":[
{"frame":1,"values":[0.8415,-0.3979,0.3654,0,0.54,0.6025,-0.5876,0,0.0136,0.6918,0.7219,0,0,13.9711,0,1]},
{"frame":2,"values":[0.8499,-0.3875,0.3572,0,0.5268,0.6056,-0.5964,0,0.0148,0.695,0.7189,0,0,13.9711,0,1]},
{"frame":3,"values":[0.8741,-0.3556,0.331,0,0.4855,0.614,-0.6223,0,0.0181,0.7046,0.7093,0,0,13.9711,0,1]},
{"frame":4,"values":[0.9107,-0.3004,0.2835,0,0.4125,0.6245,-0.6633,0,0.0222,0.721,0.6926,0,0,13.9711,0,1]},
{"frame":5,"values":[0.9523,-0.2209,0.2108,0,0.3043,0.6309,-0.7137,0,0.0247,0.7438,0.668,0,0,13.9711,0,1]},
{"frame":6,"values":[0.9868,-0.1189,0.1099,0,0.1604,0.6246,-0.7643,0,0.0222,0.7718,0.6355,0,0,13.9711,0,1]},
{"frame":7,"values":[0.9999,-0.0015,-0.0168,0,-0.0126,0.5969,-0.8022,0,0.0112,0.8023,0.5968,0,0,13.9711,0,1]},
{"frame":8,"values":[0.98,0.1187,-0.1598,0,-0.1988,0.5428,-0.816,0,-0.0101,0.8314,0.5556,0,0,13.9711,0,1]},
{"frame":9,"values":[0.9255,0.2269,-0.3033,0,-0.3766,0.4659,-0.8007,0,-0.0404,0.8552,0.5167,0,0,13.9711,0,1]},
{"frame":10,"values":[0.8463,0.3126,-0.4313,0,-0.5274,0.3773,-0.7613,0,-0.0753,0.8717,0.4842,0,0,13.9711,0,1]},
{"frame":11,"values":[0.759,0.3728,-0.5339,0,-0.6419,0.2906,-0.7096,0,-0.1094,0.8812,0.4598,0,0,13.9711,0,1]},
{"frame":12,"values":[0.6792,0.4107,-0.6084,0,-0.7208,0.2169,-0.6583,0,-0.1384,0.8856,0.4433,0,0,13.9711,0,1]},
{"frame":13,"values":[0.6175,0.4322,-0.6572,0,-0.7701,0.1624,-0.6169,0,-0.1598,0.887,0.4331,0,0,13.9711,0,1]},
{"frame":14,"values":[0.5795,0.4427,-0.6842,0,-0.7965,0.1297,-0.5906,0,-0.1727,0.8872,0.4278,0,0,13.9711,0,1]},
{"frame":15,"values":[0.5668,0.4458,-0.6928,0,-0.8046,0.1189,-0.5818,0,-0.177,0.8872,0.4261,0,0,13.9711,0,1]},
{"frame":16,"values":[0.5779,0.4431,-0.6854,0,-0.7975,0.1283,-0.5895,0,-0.1733,0.8872,0.4276,0,0,13.9711,0,1]},
{"frame":17,"values":[0.611,0.4341,-0.662,0,-0.7748,0.1568,-0.6124,0,-0.1621,0.8871,0.4322,0,0,13.9711,0,1]},
{"frame":18,"values":[0.6651,0.4161,-0.6201,0,-0.7328,0.2043,-0.649,0,-0.1434,0.8861,0.4408,0,0,13.9711,0,1]},
{"frame":19,"values":[0.7364,0.3848,-0.5564,0,-0.6662,0.2693,-0.6954,0,-0.1178,0.8828,0.4547,0,0,13.9711,0,1]},
{"frame":20,"values":[0.8172,0.3355,-0.4686,0,-0.5697,0.3475,-0.7448,0,-0.087,0.8756,0.4751,0,0,13.9711,0,1]},
{"frame":21,"values":[0.8959,0.2642,-0.3571,0,-0.4409,0.4311,-0.7872,0,-0.0541,0.8627,0.5028,0,0,13.9711,0,1]},
{"frame":22,"values":[0.9585,0.1715,-0.2278,0,-0.2841,0.5093,-0.8124,0,-0.0233,0.8434,0.5368,0,0,13.9711,0,1]},
{"frame":23,"values":[0.9938,0.0632,-0.092,0,-0.1116,0.5713,-0.8131,0,0.0012,0.8183,0.5748,0,0,13.9711,0,1]},
{"frame":24,"values":[0.9981,-0.0496,0.0365,0,0.0593,0.611,-0.7894,0,0.0168,0.7901,0.6128,0,0,13.9711,0,1]},
{"frame":25,"values":[0.977,-0.1551,0.1467,0,0.2121,0.6287,-0.7482,0,0.0238,0.762,0.6471,0,0,13.9711,0,1]},
{"frame":26,"values":[0.9413,-0.2444,0.2329,0,0.3367,0.63,-0.6998,0,0.0244,0.7371,0.6753,0,0,13.9711,0,1]},
{"frame":27,"values":[0.9027,-0.3134,0.2949,0,0.4298,0.6225,-0.6541,0,0.0214,0.7172,0.6966,0,0,13.9711,0,1]},
{"frame":28,"values":[0.87,-0.3612,0.3356,0,0.4927,0.6127,-0.6179,0,0.0176,0.703,0.711,0,0,13.9711,0,1]},
{"frame":29,"values":[0.8488,-0.3889,0.3582,0,0.5285,0.6052,-0.5953,0,0.0147,0.6946,0.7193,0,0,13.9711,0,1]},
{"frame":30,"values":[0.8415,-0.3979,0.3654,0,0.54,0.6025,-0.5876,0,0.0136,0.6918,0.7219,0,0,13.9711,0,1]},
{"frame":31,"values":[0.8488,-0.3889,0.3582,0,0.5285,0.6052,-0.5953,0,0.0147,0.6946,0.7193,0,0,13.9711,0,1]},
{"frame":32,"values":[0.87,-0.3612,0.3356,0,0.4927,0.6127,-0.6179,0,0.0176,0.703,0.711,0,0,13.9711,0,1]},
{"frame":33,"values":[0.9027,-0.3134,0.2949,0,0.4298,0.6225,-0.6541,0,0.0214,0.7172,0.6966,0,0,13.9711,0,1]},
{"frame":34,"values":[0.9413,-0.2444,0.2329,0,0.3367,0.63,-0.6998,0,0.0244,0.7371,0.6753,0,0,13.9711,0,1]},
{"frame":35,"values":[0.977,-0.1551,0.1467,0,0.2121,0.6287,-0.7482,0,0.0238,0.762,0.6471,0,0,13.9711,0,1]},
{"frame":36,"values":[0.9981,-0.0496,0.0365,0,0.0593,0.611,-0.7894,0,0.0168,0.7901,0.6128,0,0,13.9711,0,1]},
{"frame":37,"values":[0.9938,0.0632,-0.092,0,-0.1116,0.5713,-0.8131,0,0.0012,0.8183,0.5748,0,0,13.9711,0,1]},
{"frame":38,"values":[0.9585,0.1715,-0.2278,0,-0.2841,0.5093,-0.8124,0,-0.0233,0.8434,0.5368,0,0,13.9711,0,1]},
{"frame":39,"values":[0.8959,0.2642,-0.3571,0,-0.4409,0.4311,-0.7872,0,-0.0541,0.8627,0.5028,0,0,13.9711,0,1]},
{"frame":40,"values":[0.8172,0.3355,-0.4686,0,-0.5697,0.3475,-0.7448,0,-0.087,0.8756,0.4751,0,0,13.9711,0,1]},
{"frame":41,"values":[0.7364,0.3848,-0.5564,0,-0.6662,0.2693,-0.6954,0,-0.1178,0.8828,0.4547,0,0,13.9711,0,1]},
{"frame":42,"values":[0.6651,0.4161,-0.6201,0,-0.7328,0.2043,-0.649,0,-0.1434,0.8861,0.4408,0,0,13.9711,0,1]},
{"frame":43,"values":[0.611,0.4341,-0.662,0,-0.7748,0.1568,-0.6124,0,-0.1621,0.8871,0.4322,0,0,13.9711,0,1]},
{"frame":44,"values":[0.5779,0.4431,-0.6854,0,-0.7975,0.1283,-0.5895,0,-0.1733,0.8872,0.4276,0,0,13.9711,0,1]},
{"frame":45,"values":[0.5668,0.4458,-0.6928,0,-0.8046,0.1189,-0.5818,0,-0.177,0.8872,0.4261,0,0,13.9711,0,1]},
{"frame":46,"values":[0.5779,0.4431,-0.6854,0,-0.7975,0.1283,-0.5895,0,-0.1733,0.8872,0.4276,0,0,13.9711,0,1]},
{"frame":47,"values":[0.611,0.4341,-0.662,0,-0.7748,0.1568,-0.6124,0,-0.1621,0.8871,0.4322,0,0,13.9711,0,1]},
{"frame":48,"values":[0.6651,0.4161,-0.6201,0,-0.7328,0.2043,-0.649,0,-0.1434,0.8861,0.4408,0,0,13.9711,0,1]},
{"frame":49,"values":[0.7364,0.3848,-0.5564,0,-0.6662,0.2693,-0.6954,0,-0.1178,0.8828,0.4547,0,0,13.9711,0,1]},
{"frame":50,"values":[0.8172,0.3355,-0.4686,0,-0.5697,0.3475,-0.7448,0,-0.087,0.8756,0.4751,0,0,13.9711,0,1]},
{"frame":51,"values":[0.8959,0.2642,-0.3571,0,-0.4409,0.4311,-0.7872,0,-0.0541,0.8627,0.5028,0,0,13.9711,0,1]},
{"frame":52,"values":[0.9585,0.1715,-0.2278,0,-0.2841,0.5093,-0.8124,0,-0.0233,0.8434,0.5368,0,0,13.9711,0,1]},
{"frame":53,"values":[0.9938,0.0632,-0.092,0,-0.1116,0.5713,-0.8131,0,0.0012,0.8183,0.5748,0,0,13.9711,0,1]},
{"frame":54,"values":[0.9981,-0.0496,0.0365,0,0.0593,0.611,-0.7894,0,0.0168,0.7901,0.6128,0,0,13.9711,0,1]},
{"frame":55,"values":[0.977,-0.1551,0.1467,0,0.2121,0.6287,-0.7482,0,0.0238,0.762,0.6471,0,0,13.9711,0,1]},
{"frame":56,"values":[0.9413,-0.2444,0.2329,0,0.3367,0.63,-0.6998,0,0.0244,0.7371,0.6753,0,0,13.9711,0,1]},
{"frame":57,"values":[0.9027,-0.3134,0.2949,0,0.4298,0.6225,-0.6541,0,0.0214,0.7172,0.6966,0,0,13.9711,0,1]},
{"frame":58,"values":[0.87,-0.3612,0.3356,0,0.4927,0.6127,-0.6179,0,0.0176,0.703,0.711,0,0,13.9711,0,1]},
{"frame":59,"values":[0.8488,-0.3889,0.3582,0,0.5285,0.6052,-0.5953,0,0.0147,0.6946,0.7193,0,0,13.9711,0,1]},
{"frame":60,"values":[0.8415,-0.3979,0.3654,0,0.54,0.6025,-0.5876,0,0.0136,0.6918,0.7219,0,0,13.9711,0,1]}],"loopBehavior":1,"name":"anim","property":"_matrix"}},
{"name":"Bone.014","index":11,"matrix":[0.6443,-0.7645,0.0204,0,0.7316,0.6238,0.2749,0,-0.2229,-0.1622,0.9613,0,0,20.8863,0,1],"rest":[0.9996,-0.0271,0.0022,0,0.0267,0.9952,0.0937,0,-0.0047,-0.0937,0.9956,0,0,20.8863,0,1],"parentBoneIndex":10,"length":22.1358
,"animation":{"dataType":3,"framePerSecond":24,"keys":[
{"frame":1,"values":[0.9218,-0.1695,0.3487,0,0.1598,0.9855,0.0566,0,-0.3533,0.0035,0.9355,0,0,20.8863,0,1]},
{"frame":2,"values":[0.9213,-0.1774,0.3461,0,0.1669,0.9841,0.0603,0,-0.3513,0.0023,0.9362,0,0,20.8863,0,1]},
{"frame":3,"values":[0.9193,-0.2014,0.3381,0,0.1884,0.9795,0.0711,0,-0.3455,-0.0016,0.9384,0,0,20.8863,0,1]},
{"frame":4,"values":[0.9148,-0.2411,0.3241,0,0.2243,0.9705,0.0887,0,-0.3359,-0.0085,0.9419,0,0,20.8863,0,1]},
{"frame":5,"values":[0.906,-0.2951,0.3035,0,0.2736,0.9553,0.1122,0,-0.323,-0.0186,0.9462,0,0,20.8863,0,1]},
{"frame":6,"values":[0.8909,-0.3607,0.2761,0,0.3341,0.9321,0.1396,0,-0.3077,-0.0321,0.9509,0,0,20.8863,0,1]},
{"frame":7,"values":[0.8681,-0.4333,0.2423,0,0.4021,0.8999,0.1687,0,-0.2911,-0.049,0.9554,0,0,20.8863,0,1]},
{"frame":8,"values":[0.8374,-0.5073,0.2036,0,0.4726,0.859,0.1967,0,-0.2746,-0.0685,0.9591,0,0,20.8863,0,1]},
{"frame":9,"values":[0.8003,-0.5771,0.1625,0,0.5404,0.8118,0.2213,0,-0.2596,-0.0893,0.9616,0,0,20.8863,0,1]},
{"frame":10,"values":[0.7602,-0.638,0.1223,0,0.6008,0.7622,0.2411,0,-0.247,-0.1098,0.9628,0,0,20.8863,0,1]},
{"frame":11,"values":[0.7212,-0.6874,0.086,0,0.6509,0.7149,0.2556,0,-0.2372,-0.1284,0.9629,0,0,20.8863,0,1]},
{"frame":12,"values":[0.6871,-0.7244,0.0561,0,0.6891,0.6743,0.2655,0,-0.2302,-0.1437,0.9625,0,0,20.8863,0,1]},
{"frame":13,"values":[0.6611,-0.7495,0.0342,0,0.7156,0.6436,0.2716,0,-0.2255,-0.1551,0.9618,0,0,20.8863,0,1]},
{"frame":14,"values":[0.645,-0.7639,0.0209,0,0.731,0.6247,0.2748,0,-0.223,-0.1619,0.9613,0,0,20.8863,0,1]},
{"frame":15,"values":[0.6396,-0.7686,0.0165,0,0.7359,0.6184,0.2758,0,-0.2222,-0.1642,0.9611,0,0,20.8863,0,1]},
{"frame":16,"values":[0.6443,-0.7645,0.0204,0,0.7316,0.6238,0.2749,0,-0.2229,-0.1622,0.9613,0,0,20.8863,0,1]},
{"frame":17,"values":[0.6583,-0.752,0.0319,0,0.7183,0.6403,0.2721,0,-0.2251,-0.1562,0.9617,0,0,20.8863,0,1]},
{"frame":18,"values":[0.6812,-0.7303,0.0511,0,0.6953,0.6673,0.267,0,-0.2291,-0.1464,0.9623,0,0,20.8863,0,1]},
{"frame":19,"values":[0.7115,-0.6984,0.0774,0,0.6622,0.7032,0.2587,0,-0.2351,-0.1328,0.9629,0,0,20.8863,0,1]},
{"frame":20,"values":[0.7469,-0.6558,0.1096,0,0.6188,0.7459,0.2465,0,-0.2434,-0.1162,0.9629,0,0,20.8863,0,1]},
{"frame":21,"values":[0.7844,-0.6027,0.1462,0,0.5657,0.7919,0.2298,0,-0.2543,-0.0976,0.9622,0,0,20.8863,0,1]},
{"frame":22,"values":[0.8207,-0.5407,0.1845,0,0.5049,0.8376,0.2087,0,-0.2674,-0.0781,0.9604,0,0,20.8863,0,1]},
{"frame":23,"values":[0.8526,-0.473,0.2221,0,0.4397,0.8791,0.1839,0,-0.2822,-0.0591,0.9575,0,0,20.8863,0,1]},
{"frame":24,"values":[0.8782,-0.4037,0.2565,0,0.3743,0.9139,0.157,0,-0.2978,-0.0419,0.9537,0,0,20.8863,0,1]},
{"frame":25,"values":[0.8967,-0.3378,0.286,0,0.3129,0.9408,0.1301,0,-0.313,-0.0272,0.9494,0,0,20.8863,0,1]},
{"frame":26,"values":[0.9089,-0.2794,0.3097,0,0.2593,0.96,0.1054,0,-0.3268,-0.0155,0.945,0,0,20.8863,0,1]},
{"frame":27,"values":[0.916,-0.2319,0.3274,0,0.216,0.9727,0.0847,0,-0.3381,-0.0068,0.9411,0,0,20.8863,0,1]},
{"frame":28,"values":[0.9197,-0.1973,0.3395,0,0.1847,0.9804,0.0692,0,-0.3465,-0.001,0.938,0,0,20.8863,0,1]},
{"frame":29,"values":[0.9213,-0.1764,0.3465,0,0.1659,0.9843,0.0598,0,-0.3516,0.0024,0.9362,0,0,20.8863,0,1]},
{"frame":30,"values":[0.9218,-0.1695,0.3487,0,0.1598,0.9855,0.0566,0,-0.3533,0.0035,0.9355,0,0,20.8863,0,1]},
{"frame":31,"values":[0.9213,-0.1764,0.3465,0,0.1659,0.9843,0.0598,0,-0.3516,0.0024,0.9362,0,0,20.8863,0,1]},
{"frame":32,"values":[0.9197,-0.1973,0.3395,0,0.1847,0.9804,0.0692,0,-0.3465,-0.001,0.938,0,0,20.8863,0,1]},
{"frame":33,"values":[0.916,-0.2319,0.3274,0,0.216,0.9727,0.0847,0,-0.3381,-0.0068,0.9411,0,0,20.8863,0,1]},
{"frame":34,"values":[0.9089,-0.2794,0.3097,0,0.2593,0.96,0.1054,0,-0.3268,-0.0155,0.945,0,0,20.8863,0,1]},
{"frame":35,"values":[0.8967,-0.3378,0.286,0,0.3129,0.9408,0.1301,0,-0.313,-0.0272,0.9494,0,0,20.8863,0,1]},
{"frame":36,"values":[0.8782,-0.4037,0.2565,0,0.3743,0.9139,0.157,0,-0.2978,-0.0419,0.9537,0,0,20.8863,0,1]},
{"frame":37,"values":[0.8526,-0.473,0.2221,0,0.4397,0.8791,0.1839,0,-0.2822,-0.0591,0.9575,0,0,20.8863,0,1]},
{"frame":38,"values":[0.8207,-0.5407,0.1845,0,0.5049,0.8376,0.2087,0,-0.2674,-0.0781,0.9604,0,0,20.8863,0,1]},
{"frame":39,"values":[0.7844,-0.6027,0.1462,0,0.5657,0.7919,0.2298,0,-0.2543,-0.0976,0.9622,0,0,20.8863,0,1]},
{"frame":40,"values":[0.7469,-0.6558,0.1096,0,0.6188,0.7459,0.2465,0,-0.2434,-0.1162,0.9629,0,0,20.8863,0,1]},
{"frame":41,"values":[0.7115,-0.6984,0.0774,0,0.6622,0.7032,0.2587,0,-0.2351,-0.1328,0.9629,0,0,20.8863,0,1]},
{"frame":42,"values":[0.6812,-0.7303,0.0511,0,0.6953,0.6673,0.267,0,-0.2291,-0.1464,0.9623,0,0,20.8863,0,1]},
