{"producer":{"name":"Blender","version":"2.78 (sub 0)","exporter_version":"4.6.1","file":"quiz1.babylon"},
"autoClear":true,"clearColor":[0.0509,0.0509,0.0509],"ambientColor":[0,0,0],"gravity":[0,-9.81,0],
"materials":[{"name":"quiz1.21d2de5f_dds","id":"quiz1.21d2de5f_dds","ambient":[0,0,0],"diffuse":[0.7,0.7,0.7],"specular":[0.1,0.1,0.1],"emissive":[0,0,0],"specularPower":6,"alpha":1,"backFaceCulling":true,"checkReadyOnlyOnce":false, 
"ambientTexture":{"name":"21d2de5f.PNG","level":1,"hasAlpha":1,"coordinatesMode":0,"uOffset":0,"vOffset":0,"uScale":1,"vScale":1,"uAng":0,"vAng":0,"wAng":0,"wrapU":1,"wrapV":1,"coordinatesIndex":0}, 
"diffuseTexture":{"name":"21d2de5f.PNG","level":1,"hasAlpha":1,"coordinatesMode":0,"uOffset":0,"vOffset":0,"uScale":1,"vScale":1,"uAng":0,"vAng":0,"wAng":0,"wrapU":1,"wrapV":1,"coordinatesIndex":0}, 
"opacityTexture":{"name":"21d2de5f.PNG","level":1,"hasAlpha":1,"coordinatesMode":0,"uOffset":0,"vOffset":0,"uScale":1,"vScale":1,"uAng":0,"vAng":0,"wAng":0,"wrapU":1,"wrapV":1,"coordinatesIndex":0}},
{"name":"quiz1.114c6d47_dds","id":"quiz1.114c6d47_dds","ambient":[0,0,0],"diffuse":[0.7,0.7,0.7],"specular":[0.1,0.1,0.1],"emissive":[0,0,0],"specularPower":6,"alpha":1,"backFaceCulling":true,"checkReadyOnlyOnce":false, 
"ambientTexture":{"name":"114c6d47.PNG","level":1,"hasAlpha":1,"coordinatesMode":0,"uOffset":0,"vOffset":0,"uScale":1,"vScale":1,"uAng":0,"vAng":0,"wAng":0,"wrapU":1,"wrapV":1,"coordinatesIndex":0}, 
"diffuseTexture":{"name":"114c6d47.PNG","level":1,"hasAlpha":1,"coordinatesMode":0,"uOffset":0,"vOffset":0,"uScale":1,"vScale":1,"uAng":0,"vAng":0,"wAng":0,"wrapU":1,"wrapV":1,"coordinatesIndex":0}, 
"opacityTexture":{"name":"114c6d47.PNG","level":1,"hasAlpha":1,"coordinatesMode":0,"uOffset":0,"vOffset":0,"uScale":1,"vScale":1,"uAng":0,"vAng":0,"wAng":0,"wrapU":1,"wrapV":1,"coordinatesIndex":0}},
{"name":"quiz1.0e34ea0e_dds","id":"quiz1.0e34ea0e_dds","ambient":[0,0,0],"diffuse":[0.7,0.7,0.7],"specular":[0.1,0.1,0.1],"emissive":[0,0,0],"specularPower":6,"alpha":1,"backFaceCulling":true,"checkReadyOnlyOnce":false, 
"ambientTexture":{"name":"0e34ea0e.PNG","level":1,"hasAlpha":1,"coordinatesMode":0,"uOffset":0,"vOffset":0,"uScale":1,"vScale":1,"uAng":0,"vAng":0,"wAng":0,"wrapU":1,"wrapV":1,"coordinatesIndex":0}, 
"diffuseTexture":{"name":"0e34ea0e.PNG","level":1,"hasAlpha":1,"coordinatesMode":0,"uOffset":0,"vOffset":0,"uScale":1,"vScale":1,"uAng":0,"vAng":0,"wAng":0,"wrapU":1,"wrapV":1,"coordinatesIndex":0}, 
"opacityTexture":{"name":"0e34ea0e.PNG","level":1,"hasAlpha":1,"coordinatesMode":0,"uOffset":0,"vOffset":0,"uScale":1,"vScale":1,"uAng":0,"vAng":0,"wAng":0,"wrapU":1,"wrapV":1,"coordinatesIndex":0}}],
"multiMaterials":[{"name":"quiz1.Multimaterial#0","id":"quiz1.Multimaterial#0","materials":["quiz1.21d2de5f_dds","quiz1.114c6d47_dds","quiz1.0e34ea0e_dds"]}],
"skeletons":[{"name":"Armature","id":0,"dimensionsAtRest":[3.7055,9.7131,4.8412],"bones":[
{"name":"Bone","index":0,"matrix":[1,0.0087,0.002,0,-0.0086,0.8726,0.4883,0,-0.0025,0.4883,-0.8727,0,0.0037,7.8431,0.7322,1],"rest":[1,0.0087,0.002,0,-0.0086,0.8726,0.4883,0,-0.0025,0.4883,-0.8727,0,0.0037,7.8431,0.7322,1],"parentBoneIndex":-1,"length":0.4505
,"animation":{"dataType":3,"framePerSecond":24,"keys":[
{"frame":1,"values":[1,0.0087,0.002,0,-0.0086,0.8726,0.4883,0,-0.0025,0.4883,-0.8727,0,0.0037,7.8431,0.7322,1]},
{"frame":60,"values":[1,0.0087,0.002,0,-0.0086,0.8726,0.4883,0,-0.0025,0.4883,-0.8727,0,0.0037,7.8431,0.7322,1]}],"loopBehavior":1,"name":"anim","property":"_matrix"}},
{"name":"Bone.001","index":1,"matrix":[0.9997,0.023,0.0081,0,-0.0244,0.9427,0.3328,0,0,-0.3329,0.9429,0,0,0.4505,0,1],"rest":[0.9997,0.023,0.0081,0,-0.0244,0.9427,0.3328,0,0,-0.3329,0.9429,0,0,0.4505,0,1],"parentBoneIndex":0,"length":0.5971
,"animation":{"dataType":3,"framePerSecond":24,"keys":[
{"frame":1,"values":[0.9997,0.023,0.0081,0,-0.0244,0.9427,0.3328,0,0,-0.3329,0.9429,0,0,0.4505,0,1]},
{"frame":60,"values":[0.9997,0.023,0.0081,0,-0.0244,0.9427,0.3328,0,0,-0.3329,0.9429,0,0,0.4505,0,1]}],"loopBehavior":1,"name":"anim","property":"_matrix"}},
{"name":"Bone.003","index":2,"matrix":[-0.9747,0.0644,-0.2139,0,-0.0325,0.9065,0.421,0,0.2211,0.4173,-0.8815,0,0,0.5971,0,1],"rest":[-0.9747,0.0644,-0.2139,0,-0.0325,0.9065,0.421,0,0.2211,0.4173,-0.8815,0,0,0.5971,0,1],"parentBoneIndex":1,"length":0.4161
,"animation":{"dataType":3,"framePerSecond":24,"keys":[
{"frame":1,"values":[-0.9747,0.0644,-0.2139,0,-0.0325,0.9065,0.421,0,0.2211,0.4173,-0.8815,0,0,0.5971,0,1]},
{"frame":60,"values":[-0.9747,0.0644,-0.2139,0,-0.0325,0.9065,0.421,0,0.2211,0.4173,-0.8815,0,0,0.5971,0,1]}],"loopBehavior":1,"name":"anim","property":"_matrix"}},
{"name":"Bone.019","index":3,"matrix":[0.9843,0.052,-0.1686,0,-0.0447,0.9979,0.0467,0,0.1706,-0.0384,0.9846,0,0,0.4161,0,1],"rest":[0.9843,0.052,-0.1686,0,-0.0447,0.9979,0.0467,0,0.1706,-0.0384,0.9846,0,0,0.4161,0,1],"parentBoneIndex":2,"length":1.0064
,"animation":{"dataType":3,"framePerSecond":24,"keys":[
{"frame":1,"values":[0.9843,0.052,-0.1686,0,-0.0447,0.9979,0.0467,0,0.1706,-0.0384,0.9846,0,0,0.4161,0,1]},
{"frame":60,"values":[0.9843,0.052,-0.1686,0,-0.0447,0.9979,0.0467,0,0.1706,-0.0384,0.9846,0,0,0.4161,0,1]}],"loopBehavior":1,"name":"anim","property":"_matrix"}},
{"name":"Bone.020","index":4,"matrix":[-0.191,-0.1597,0.9685,0,0.9714,-0.1723,0.1632,0,0.1408,0.972,0.188,0,0,0.5971,0,1],"rest":[-0.191,-0.1597,0.9685,0,0.9714,-0.1723,0.1632,0,0.1408,0.972,0.188,0,0,0.5971,0,1],"parentBoneIndex":1,"length":0.6201
,"animation":{"dataType":3,"framePerSecond":24,"keys":[
{"frame":1,"values":[-0.191,-0.1597,0.9685,0,0.9714,-0.1723,0.1632,0,0.1408,0.972,0.188,0,0,0.5971,0,1]},
{"frame":60,"values":[-0.191,-0.1597,0.9685,0,0.9714,-0.1723,0.1632,0,0.1408,0.972,0.188,0,0,0.5971,0,1]}],"loopBehavior":1,"name":"anim","property":"_matrix"}},
{"name":"Bone.022","index":5,"matrix":[0.9371,0.2911,-0.1925,0,-0.3042,0.4109,-0.8594,0,-0.171,0.864,0.4736,0,0,0.6201,0,1],"rest":[0.9976,0.0696,0.0063,0,-0.0699,0.9935,0.0903,0,0,-0.0906,0.9959,0,0,0.6201,0,1],"parentBoneIndex":4,"length":1.5385
,"animation":{"dataType":3,"framePerSecond":24,"keys":[
{"frame":1,"values":[0.9371,0.2911,-0.1925,0,-0.3042,0.4109,-0.8594,0,-0.171,0.864,0.4736,0,0,0.6201,0,1]},
{"frame":2,"values":[0.9391,0.2906,-0.1835,0,-0.2959,0.4119,-0.8618,0,-0.1749,0.8636,0.4728,0,0,0.6201,0,1]},
{"frame":3,"values":[0.9445,0.2892,-0.1559,0,-0.2704,0.415,-0.8687,0,-0.1866,0.8626,0.4702,0,0,0.6201,0,1]},
{"frame":4,"values":[0.9518,0.2867,-0.1094,0,-0.2275,0.4202,-0.8785,0,-0.2059,0.861,0.4651,0,0,0.6201,0,1]},
{"frame":5,"values":[0.9581,0.2828,-0.0446,0,-0.1674,0.4271,-0.8886,0,-0.2322,0.8588,0.4566,0,0,0.6201,0,1]},
{"frame":6,"values":[0.9601,0.2773,0.0363,0,-0.0919,0.4354,-0.8955,0,-0.2641,0.8565,0.4435,0,0,0.6201,0,1]},
{"frame":7,"values":[0.9541,0.2701,0.1291,0,-0.0046,0.4444,-0.8958,0,-0.2993,0.8541,0.4253,0,0,0.6201,0,1]},
{"frame":8,"values":[0.9381,0.2615,0.2271,0,0.0883,0.4534,-0.8869,0,-0.3349,0.8521,0.4023,0,0,0.6201,0,1]},
{"frame":9,"values":[0.9122,0.2521,0.323,0,0.18,0.4616,-0.8686,0,-0.368,0.8505,0.3757,0,0,0.6201,0,1]},
{"frame":10,"values":[0.8794,0.2425,0.4097,0,0.2637,0.4685,-0.8432,0,-0.3965,0.8495,0.348,0,0,0.6201,0,1]},
{"frame":11,"values":[0.8442,0.2338,0.4823,0,0.3343,0.4738,-0.8147,0,-0.419,0.8491,0.3218,0,0,0.6201,0,1]},
{"frame":12,"values":[0.8117,0.2264,0.5384,0,0.3892,0.4775,-0.7877,0,-0.4355,0.8489,0.2995,0,0,0.6201,0,1]},
{"frame":13,"values":[0.786,0.221,0.5774,0,0.4277,0.48,-0.7659,0,-0.4464,0.849,0.2827,0,0,0.6201,0,1]},
{"frame":14,"values":[0.7697,0.2177,0.6002,0,0.4503,0.4813,-0.752,0,-0.4526,0.8491,0.2724,0,0,0.6201,0,1]},
{"frame":15,"values":[0.7642,0.2166,0.6076,0,0.4576,0.4818,-0.7473,0,-0.4546,0.8491,0.269,0,0,0.6201,0,1]},
{"frame":16,"values":[0.769,0.2176,0.6011,0,0.4512,0.4814,-0.7514,0,-0.4529,0.8491,0.272,0,0,0.6201,0,1]},
{"frame":17,"values":[0.7832,0.2205,0.5814,0,0.4317,0.4802,-0.7636,0,-0.4475,0.849,0.281,0,0,0.6201,0,1]},
{"frame":18,"values":[0.8059,0.2252,0.5475,0,0.3982,0.4781,-0.7828,0,-0.4381,0.8489,0.2957,0,0,0.6201,0,1]},
{"frame":19,"values":[0.8351,0.2316,0.4989,0,0.3505,0.4749,-0.8072,0,-0.4239,0.849,0.3154,0,0,0.6201,0,1]},
{"frame":20,"values":[0.8677,0.2395,0.4357,0,0.2888,0.4704,-0.8338,0,-0.4046,0.8493,0.339,0,0,0.6201,0,1]},
{"frame":21,"values":[0.8997,0.2482,0.3591,0,0.2148,0.4645,-0.8591,0,-0.3801,0.8501,0.3646,0,0,0.6201,0,1]},
{"frame":22,"values":[0.9271,0.2572,0.2726,0,0.1317,0.4574,-0.8795,0,-0.3508,0.8513,0.3902,0,0,0.6201,0,1]},
{"frame":23,"values":[0.9469,0.2657,0.1812,0,0.0447,0.4493,-0.8923,0,-0.3184,0.853,0.4136,0,0,0.6201,0,1]},
{"frame":24,"values":[0.9577,0.2732,0.0909,0,-0.0406,0.4408,-0.8967,0,-0.285,0.855,0.4332,0,0,0.6201,0,1]},
{"frame":25,"values":[0.9602,0.2793,0.0078,0,-0.1186,0.4325,-0.8938,0,-0.253,0.8573,0.4484,0,0,0.6201,0,1]},
{"frame":26,"values":[0.9567,0.284,-0.0636,0,-0.1851,0.4251,-0.886,0,-0.2246,0.8594,0.4593,0,0,0.6201,0,1]},
{"frame":27,"values":[0.9503,0.2873,-0.1202,0,-0.2375,0.419,-0.8764,0,-0.2014,0.8613,0.4664,0,0,0.6201,0,1]},
{"frame":28,"values":[0.9436,0.2895,-0.1606,0,-0.2748,0.4145,-0.8676,0,-0.1846,0.8628,0.4707,0,0,0.6201,0,1]},
{"frame":29,"values":[0.9388,0.2907,-0.1846,0,-0.2969,0.4118,-0.8615,0,-0.1744,0.8637,0.4729,0,0,0.6201,0,1]},
{"frame":30,"values":[0.9371,0.2911,-0.1925,0,-0.3042,0.4109,-0.8594,0,-0.171,0.864,0.4736,0,0,0.6201,0,1]},
{"frame":31,"values":[0.9388,0.2907,-0.1846,0,-0.2969,0.4118,-0.8615,0,-0.1744,0.8637,0.4729,0,0,0.6201,0,1]},
{"frame":32,"values":[0.9436,0.2895,-0.1606,0,-0.2748,0.4145,-0.8676,0,-0.1846,0.8628,0.4707,0,0,0.6201,0,1]},
{"frame":33,"values":[0.9503,0.2873,-0.1202,0,-0.2375,0.419,-0.8764,0,-0.2014,0.8613,0.4664,0,0,0.6201,0,1]},
{"frame":34,"values":[0.9567,0.284,-0.0636,0,-0.1851,0.4251,-0.886,0,-0.2246,0.8594,0.4593,0,0,0.6201,0,1]},
{"frame":35,"values":[0.9602,0.2793,0.0078,0,-0.1186,0.4325,-0.8938,0,-0.253,0.8573,0.4484,0,0,0.6201,0,1]},
{"frame":36,"values":[0.9577,0.2732,0.0909,0,-0.0406,0.4408,-0.8967,0,-0.285,0.855,0.4332,0,0,0.6201,0,1]},
{"frame":37,"values":[0.9469,0.2657,0.1812,0,0.0447,0.4493,-0.8923,0,-0.3184,0.853,0.4136,0,0,0.6201,0,1]},
{"frame":38,"values":[0.9271,0.2572,0.2726,0,0.1317,0.4574,-0.8795,0,-0.3508,0.8513,0.3902,0,0,0.6201,0,1]},
{"frame":39,"values":[0.8997,0.2482,0.3591,0,0.2148,0.4645,-0.8591,0,-0.3801,0.8501,0.3646,0,0,0.6201,0,1]},
{"frame":40,"values":[0.8677,0.2395,0.4357,0,0.2888,0.4704,-0.8338,0,-0.4046,0.8493,0.339,0,0,0.6201,0,1]},
{"frame":41,"values":[0.8351,0.2316,0.4989,0,0.3505,0.4749,-0.8072,0,-0.4239,0.849,0.3154,0,0,0.6201,0,1]},
{"frame":42,"values":[0.8059,0.2252,0.5475,0,0.3982,0.4781,-0.7828,0,-0.4381,0.8489,0.2957,0,0,0.6201,0,1]},
{"frame":43,"values":[0.7832,0.2205,0.5814,0,0.4317,0.4802,-0.7636,0,-0.4475,0.849,0.281,0,0,0.6201,0,1]},
{"frame":44,"values":[0.769,0.2176,0.6011,0,0.4512,0.4814,-0.7514,0,-0.4529,0.8491,0.272,0,0,0.6201,0,1]},
{"frame":45,"values":[0.7642,0.2166,0.6076,0,0.4576,0.4818,-0.7473,0,-0.4546,0.8491,0.269,0,0,0.6201,0,1]},
{"frame":46,"values":[0.769,0.2176,0.6011,0,0.4512,0.4814,-0.7514,0,-0.4529,0.8491,0.272,0,0,0.6201,0,1]},
{"frame":47,"values":[0.7832,0.2205,0.5814,0,0.4317,0.4802,-0.7636,0,-0.4475,0.849,0.281,0,0,0.6201,0,1]},
{"frame":48,"values":[0.8059,0.2252,0.5475,0,0.3982,0.4781,-0.7828,0,-0.4381,0.8489,0.2957,0,0,0.6201,0,1]},
{"frame":49,"values":[0.8351,0.2316,0.4989,0,0.3505,0.4749,-0.8072,0,-0.4239,0.849,0.3154,0,0,0.6201,0,1]},
{"frame":50,"values":[0.8677,0.2395,0.4357,0,0.2888,0.4704,-0.8338,0,-0.4046,0.8493,0.339,0,0,0.6201,0,1]},
{"frame":51,"values":[0.8997,0.2482,0.3591,0,0.2148,0.4645,-0.8591,0,-0.3801,0.8501,0.3646,0,0,0.6201,0,1]},
{"frame":52,"values":[0.9271,0.2572,0.2726,0,0.1317,0.4574,-0.8795,0,-0.3508,0.8513,0.3902,0,0,0.6201,0,1]},
{"frame":53,"values":[0.9469,0.2657,0.1812,0,0.0447,0.4493,-0.8923,0,-0.3184,0.853,0.4136,0,0,0.6201,0,1]},
{"frame":54,"values":[0.9577,0.2732,0.0909,0,-0.0406,0.4408,-0.8967,0,-0.285,0.855,0.4332,0,0,0.6201,0,1]},
{"frame":55,"values":[0.9602,0.2793,0.0078,0,-0.1186,0.4325,-0.8938,0,-0.253,0.8573,0.4484,0,0,0.6201,0,1]},
{"frame":56,"values":[0.9567,0.284,-0.0636,0,-0.1851,0.4251,-0.886,0,-0.2246,0.8594,0.4593,0,0,0.6201,0,1]},
{"frame":57,"values":[0.9503,0.2873,-0.1202,0,-0.2375,0.419,-0.8764,0,-0.2014,0.8613,0.4664,0,0,0.6201,0,1]},
{"frame":58,"values":[0.9436,0.2895,-0.1606,0,-0.2748,0.4145,-0.8676,0,-0.1846,0.8628,0.4707,0,0,0.6201,0,1]},
{"frame":59,"values":[0.9388,0.2907,-0.1846,0,-0.2969,0.4118,-0.8615,0,-0.1744,0.8637,0.4729,0,0,0.6201,0,1]},
{"frame":60,"values":[0.9371,0.2911,-0.1925,0,-0.3042,0.4109,-0.8594,0,-0.171,0.864,0.4736,0,0,0.6201,0,1]}],"loopBehavior":1,"name":"anim","property":"_matrix"}},
{"name":"Bone.023","index":6,"matrix":[0.9652,-0.2326,0.1195,0,0.2368,0.9713,-0.0222,0,-0.111,0.0497,0.9926,0,0,1.5385,0,1],"rest":[0.9966,0.0823,-0.0008,0,-0.0821,0.9956,0.0443,0,0.0044,-0.0441,0.999,0,0,1.5385,0,1],"parentBoneIndex":5,"length":1.4626
,"animation":{"dataType":3,"framePerSecond":24,"keys":[
{"frame":1,"values":[0.9652,-0.2326,0.1195,0,0.2368,0.9713,-0.0222,0,-0.111,0.0497,0.9926,0,0,1.5385,0,1]},
{"frame":2,"values":[0.9653,-0.2318,0.1205,0,0.2361,0.9715,-0.0229,0,-0.1117,0.0506,0.9924,0,0,1.5385,0,1]},
{"frame":3,"values":[0.9655,-0.2293,0.1234,0,0.234,0.9719,-0.0253,0,-0.1141,0.0533,0.992,0,0,1.5385,0,1]},
{"frame":4,"values":[0.9659,-0.2252,0.1282,0,0.2306,0.9726,-0.0292,0,-0.1181,0.0577,0.9913,0,0,1.5385,0,1]},
{"frame":5,"values":[0.9663,-0.2194,0.1347,0,0.2259,0.9735,-0.0345,0,-0.1236,0.0638,0.9903,0,0,1.5385,0,1]},
{"frame":6,"values":[0.9667,-0.2123,0.1427,0,0.2201,0.9746,-0.0412,0,-0.1303,0.0713,0.9889,0,0,1.5385,0,1]},
{"frame":7,"values":[0.9671,-0.2041,0.1518,0,0.2136,0.9757,-0.0488,0,-0.1381,0.0797,0.9872,0,0,1.5385,0,1]},
{"frame":8,"values":[0.9674,-0.1953,0.1613,0,0.2067,0.9767,-0.057,0,-0.1464,0.0885,0.9853,0,0,1.5385,0,1]},
{"frame":9,"values":[0.9675,-0.1864,0.1708,0,0.1999,0.9776,-0.0653,0,-0.1548,0.0973,0.9831,0,0,1.5385,0,1]},
{"frame":10,"values":[0.9675,-0.178,0.1796,0,0.1935,0.9784,-0.0731,0,-0.1627,0.1055,0.981,0,0,1.5385,0,1]},
{"frame":11,"values":[0.9674,-0.1705,0.1873,0,0.188,0.9789,-0.08,0,-0.1697,0.1126,0.979,0,0,1.5385,0,1]},
{"frame":12,"values":[0.9673,-0.1643,0.1934,0,0.1835,0.9793,-0.0857,0,-0.1753,0.1184,0.9774,0,0,1.5385,0,1]},
{"frame":13,"values":[0.9671,-0.1599,0.1979,0,0.1803,0.9795,-0.0898,0,-0.1795,0.1225,0.9761,0,0,1.5385,0,1]},
{"frame":14,"values":[0.967,-0.1571,0.2006,0,0.1783,0.9796,-0.0923,0,-0.182,0.125,0.9753,0,0,1.5385,0,1]},
{"frame":15,"values":[0.967,-0.1562,0.2015,0,0.1777,0.9797,-0.0931,0,-0.1828,0.1258,0.9751,0,0,1.5385,0,1]},
{"frame":16,"values":[0.967,-0.157,0.2007,0,0.1782,0.9796,-0.0924,0,-0.1821,0.1251,0.9753,0,0,1.5385,0,1]},
{"frame":17,"values":[0.9671,-0.1594,0.1984,0,0.1799,0.9795,-0.0902,0,-0.1799,0.1229,0.976,0,0,1.5385,0,1]},
{"frame":18,"values":[0.9672,-0.1633,0.1945,0,0.1828,0.9793,-0.0866,0,-0.1763,0.1193,0.9771,0,0,1.5385,0,1]},
{"frame":19,"values":[0.9674,-0.1687,0.1891,0,0.1867,0.979,-0.0817,0,-0.1713,0.1143,0.9786,0,0,1.5385,0,1]},
{"frame":20,"values":[0.9675,-0.1753,0.1823,0,0.1916,0.9786,-0.0755,0,-0.1651,0.108,0.9803,0,0,1.5385,0,1]},
{"frame":21,"values":[0.9675,-0.1829,0.1744,0,0.1973,0.978,-0.0685,0,-0.158,0.1007,0.9823,0,0,1.5385,0,1]},
{"frame":22,"values":[0.9675,-0.1911,0.1658,0,0.2035,0.9772,-0.0609,0,-0.1504,0.0927,0.9843,0,0,1.5385,0,1]},
{"frame":23,"values":[0.9673,-0.1995,0.1568,0,0.21,0.9763,-0.0532,0,-0.1425,0.0844,0.9862,0,0,1.5385,0,1]},
{"frame":24,"values":[0.967,-0.2075,0.1481,0,0.2163,0.9753,-0.0457,0,-0.1349,0.0762,0.9879,0,0,1.5385,0,1]},
{"frame":25,"values":[0.9666,-0.2148,0.1399,0,0.2222,0.9742,-0.0389,0,-0.128,0.0686,0.9894,0,0,1.5385,0,1]},
{"frame":26,"values":[0.9662,-0.2211,0.1328,0,0.2273,0.9733,-0.033,0,-0.122,0.062,0.9906,0,0,1.5385,0,1]},
{"frame":27,"values":[0.9658,-0.2261,0.1271,0,0.2314,0.9724,-0.0283,0,-0.1172,0.0567,0.9915,0,0,1.5385,0,1]},
{"frame":28,"values":[0.9655,-0.2297,0.1229,0,0.2344,0.9718,-0.0249,0,-0.1137,0.0528,0.9921,0,0,1.5385,0,1]},
{"frame":29,"values":[0.9653,-0.2319,0.1204,0,0.2362,0.9714,-0.0228,0,-0.1116,0.0505,0.9925,0,0,1.5385,0,1]},
{"frame":30,"values":[0.9652,-0.2326,0.1195,0,0.2368,0.9713,-0.0222,0,-0.111,0.0497,0.9926,0,0,1.5385,0,1]},
{"frame":31,"values":[0.9653,-0.2319,0.1204,0,0.2362,0.9714,-0.0228,0,-0.1116,0.0505,0.9925,0,0,1.5385,0,1]},
{"frame":32,"values":[0.9655,-0.2297,0.1229,0,0.2344,0.9718,-0.0249,0,-0.1137,0.0528,0.9921,0,0,1.5385,0,1]},
{"frame":33,"values":[0.9658,-0.2261,0.1271,0,0.2314,0.9724,-0.0283,0,-0.1172,0.0567,0.9915,0,0,1.5385,0,1]},
{"frame":34,"values":[0.9662,-0.2211,0.1328,0,0.2273,0.9733,-0.033,0,-0.122,0.062,0.9906,0,0,1.5385,0,1]},
{"frame":35,"values":[0.9666,-0.2148,0.1399,0,0.2222,0.9742,-0.0389,0,-0.128,0.0686,0.9894,0,0,1.5385,0,1]},
{"frame":36,"values":[0.967,-0.2075,0.1481,0,0.2163,0.9753,-0.0457,0,-0.1349,0.0762,0.9879,0,0,1.5385,0,1]},
{"frame":37,"values":[0.9673,-0.1995,0.1568,0,0.21,0.9763,-0.0532,0,-0.1425,0.0844,0.9862,0,0,1.5385,0,1]},
{"frame":38,"values":[0.9675,-0.1912,0.1658,0,0.2035,0.9772,-0.0609,0,-0.1504,0.0927,0.9843,0,0,1.5385,0,1]},
{"frame":39,"values":[0.9675,-0.1829,0.1744,0,0.1973,0.978,-0.0685,0,-0.158,0.1007,0.9823,0,0,1.5385,0,1]},
{"frame":40,"values":[0.9675,-0.1753,0.1823,0,0.1916,0.9786,-0.0755,0,-0.1651,0.108,0.9803,0,0,1.5385,0,1]},
{"frame":41,"values":[0.9674,-0.1687,0.1891,0,0.1867,0.979,-0.0817,0,-0.1713,0.1143,0.9786,0,0,1.5385,0,1]},
{"frame":42,"values":[0.9672,-0.1633,0.1945,0,0.1828,0.9793,-0.0866,0,-0.1763,0.1193,0.9771,0,0,1.5385,0,1]},
{"frame":43,"values":[0.9671,-0.1594,0.1984,0,0.1799,0.9795,-0.0902,0,-0.1799,0.1229,0.976,0,0,1.5385,0,1]},
{"frame":44,"values":[0.967,-0.157,0.2007,0,0.1783,0.9796,-0.0924,0,-0.1821,0.1251,0.9753,0,0,1.5385,0,1]},
{"frame":45,"values":[0.967,-0.1562,0.2015,0,0.1777,0.9797,-0.0931,0,-0.1828,0.1258,0.9751,0,0,1.5385,0,1]},
{"frame":46,"values":[0.967,-0.157,0.2007,0,0.1783,0.9796,-0.0924,0,-0.1821,0.1251,0.9753,0,0,1.5385,0,1]},
{"frame":47,"values":[0.9671,-0.1594,0.1984,0,0.1799,0.9795,-0.0902,0,-0.1799,0.1229,0.976,0,0,1.5385,0,1]},
{"frame":48,"values":[0.9672,-0.1633,0.1945,0,0.1828,0.9793,-0.0866,0,-0.1763,0.1193,0.9771,0,0,1.5385,0,1]},
{"frame":49,"values":[0.9674,-0.1687,0.1891,0,0.1867,0.979,-0.0817,0,-0.1713,0.1143,0.9786,0,0,1.5385,0,1]},
{"frame":50,"values":[0.9675,-0.1753,0.1823,0,0.1916,0.9786,-0.0755,0,-0.1651,0.108,0.9803,0,0,1.5385,0,1]},
{"frame":51,"values":[0.9675,-0.1829,0.1744,0,0.1973,0.978,-0.0685,0,-0.158,0.1007,0.9823,0,0,1.5385,0,1]},
{"frame":52,"values":[0.9675,-0.1911,0.1658,0,0.2035,0.9772,-0.0609,0,-0.1504,0.0927,0.9843,0,0,1.5385,0,1]},
{"frame":53,"values":[0.9673,-0.1995,0.1568,0,0.21,0.9763,-0.0532,0,-0.1425,0.0844,0.9862,0,0,1.5385,0,1]},
{"frame":54,"values":[0.967,-0.2075,0.1481,0,0.2163,0.9753,-0.0457,0,-0.1349,0.0762,0.9879,0,0,1.5385,0,1]},
{"frame":55,"values":[0.9666,-0.2148,0.1399,0,0.2222,0.9742,-0.0389,0,-0.128,0.0686,0.9894,0,0,1.5385,0,1]},
{"frame":56,"values":[0.9662,-0.2211,0.1328,0,0.2273,0.9733,-0.033,0,-0.122,0.062,0.9906,0,0,1.5385,0,1]},
{"frame":57,"values":[0.9658,-0.2261,0.1271,0,0.2314,0.9724,-0.0283,0,-0.1172,0.0567,0.9915,0,0,1.5385,0,1]},
{"frame":58,"values":[0.9655,-0.2297,0.1229,0,0.2344,0.9718,-0.0249,0,-0.1137,0.0528,0.9921,0,0,1.5385,0,1]},
{"frame":59,"values":[0.9653,-0.2319,0.1204,0,0.2362,0.9714,-0.0228,0,-0.1116,0.0505,0.9925,0,0,1.5385,0,1]},
{"frame":60,"values":[0.9652,-0.2326,0.1195,0,0.2368,0.9713,-0.0222,0,-0.111,0.0497,0.9926,0,0,1.5385,0,1]}],"loopBehavior":1,"name":"anim","property":"_matrix"}},
{"name":"Bone.026","index":7,"matrix":[0.9893,0.1208,-0.0815,0,-0.124,0.9917,-0.0347,0,0.0767,0.0445,0.9961,0,0,1.4626,0,1],"rest":[0.9893,0.1208,-0.0815,0,-0.124,0.9917,-0.0347,0,0.0767,0.0445,0.9961,0,0,1.4626,0,1],"parentBoneIndex":6,"length":0.7498
,"animation":{"dataType":3,"framePerSecond":24,"keys":[
{"frame":1,"values":[0.9893,0.1208,-0.0815,0,-0.124,0.9917,-0.0347,0,0.0767,0.0445,0.9961,0,0,1.4626,0,1]},
{"frame":60,"values":[0.9893,0.1208,-0.0815,0,-0.124,0.9917,-0.0347,0,0.0767,0.0445,0.9961,0,0,1.4626,0,1]}],"loopBehavior":1,"name":"anim","property":"_matrix"}},
{"name":"Bone.021","index":8,"matrix":[-0.3921,0.1572,-0.9064,0,-0.9147,-0.1719,0.3659,0,-0.0983,0.9725,0.2112,0,0,0.5971,0,1],"rest":[-0.3921,0.1572,-0.9064,0,-0.9147,-0.1719,0.3659,0,-0.0983,0.9725,0.2112,0,0,0.5971,0,1],"parentBoneIndex":1,"length":0.6171
,"animation":{"dataType":3,"framePerSecond":24,"keys":[
{"frame":1,"values":[-0.3921,0.1572,-0.9064,0,-0.9147,-0.1719,0.3659,0,-0.0983,0.9725,0.2112,0,0,0.5971,0,1]},
{"frame":60,"values":[-0.3921,0.1572,-0.9064,0,-0.9147,-0.1719,0.3659,0,-0.0983,0.9725,0.2112,0,0,0.5971,0,1]}],"loopBehavior":1,"name":"anim","property":"_matrix"}},
{"name":"Bone.024","index":9,"matrix":[0.587,-0.3709,-0.7196,0,-0.2807,0.7405,-0.6106,0,0.7594,0.5604,0.3306,0,0,0.6171,0,1],"rest":[0.9313,-0.3626,-0.0335,0,0.3638,0.9222,0.1311,0,-0.0167,-0.1343,0.9908,0,0,0.6171,0,1],"parentBoneIndex":8,"length":1.7468
,"animation":{"dataType":3,"framePerSecond":24,"keys":[
{"frame":1,"values":[0.587,-0.3709,-0.7196,0,-0.2807,0.7405,-0.6106,0,0.7594,0.5604,0.3306,0,0,0.6171,0,1]},
{"frame":2,"values":[0.5945,-0.3758,-0.7108,0,-0.2731,0.7371,-0.6181,0,0.7563,0.5616,0.3356,0,0,0.6171,0,1]},
{"frame":3,"values":[0.6169,-0.3905,-0.6833,0,-0.2495,0.7264,-0.6404,0,0.7465,0.5655,0.3507,0,0,0.6171,0,1]},
{"frame":4,"values":[0.6523,-0.4143,-0.6347,0,-0.2081,0.7073,-0.6756,0,0.7288,0.5728,0.3752,0,0,0.6171,0,1]},
{"frame":5,"values":[0.6968,-0.4452,-0.5624,0,-0.1473,0.6785,-0.7197,0,0.702,0.5843,0.4072,0,0,0.6171,0,1]},
{"frame":6,"values":[0.7439,-0.4798,-0.4651,0,-0.0667,0.6392,-0.7661,0,0.6649,0.601,0.4435,0,0,0.6171,0,1]},
{"frame":7,"values":[0.7855,-0.5137,-0.3452,0,0.0312,0.59,-0.8068,0,0.6181,0.623,0.4795,0,0,0.6171,0,1]},
{"frame":8,"values":[0.8139,-0.5418,-0.2097,0,0.1402,0.5335,-0.8341,0,0.5638,0.6495,0.5102,0,0,0.6171,0,1]},
{"frame":9,"values":[0.8249,-0.5609,-0.0701,0,0.2508,0.4745,-0.8438,0,0.5065,0.6785,0.5321,0,0,0.6171,0,1]},
{"frame":10,"values":[0.8193,-0.5701,0.0608,0,0.3532,0.4183,-0.8368,0,0.4516,0.7071,0.5441,0,0,0.6171,0,1]},
{"frame":11,"values":[0.8022,-0.5714,0.173,0,0.4398,0.3697,-0.8185,0,0.4037,0.7327,0.5479,0,0,0.6171,0,1]},
{"frame":12,"values":[0.7807,-0.568,0.2606,0,0.5067,0.3313,-0.7959,0,0.3657,0.7534,0.5465,0,0,0.6171,0,1]},
{"frame":13,"values":[0.761,-0.5631,0.3221,0,0.5532,0.3042,-0.7755,0,0.3387,0.7684,0.543,0,0,0.6171,0,1]},
{"frame":14,"values":[0.7478,-0.5593,0.3579,0,0.5802,0.2883,-0.7617,0,0.3228,0.7772,0.5401,0,0,0.6171,0,1]},
{"frame":15,"values":[0.7431,-0.5579,0.3695,0,0.5889,0.2831,-0.757,0,0.3176,0.7802,0.5389,0,0,0.6171,0,1]},
{"frame":16,"values":[0.7472,-0.5591,0.3594,0,0.5813,0.2876,-0.7611,0,0.3222,0.7776,0.5399,0,0,0.6171,0,1]},
{"frame":17,"values":[0.7588,-0.5625,0.3283,0,0.5579,0.3014,-0.7732,0,0.336,0.7699,0.5426,0,0,0.6171,0,1]},
{"frame":18,"values":[0.7764,-0.567,0.275,0,0.5177,0.325,-0.7915,0,0.3594,0.7569,0.5458,0,0,0.6171,0,1]},
{"frame":19,"values":[0.7966,-0.5708,0.1989,0,0.4597,0.3584,-0.8126,0,0.3925,0.7387,0.5479,0,0,0.6171,0,1]},
{"frame":20,"values":[0.8146,-0.5713,0.1007,0,0.3841,0.4011,-0.8316,0,0.4347,0.7161,0.5462,0,0,0.6171,0,1]},
{"frame":21,"values":[0.8245,-0.5657,-0.0161,0,0.2933,0.4514,-0.8428,0,0.484,0.6901,0.538,0,0,0.6171,0,1]},
{"frame":22,"values":[0.8213,-0.5519,-0.1443,0,0.1923,0.5059,-0.8409,0,0.5371,0.6629,0.5216,0,0,0.6171,0,1]},
{"frame":23,"values":[0.8027,-0.5296,-0.2742,0,0.0885,0.5605,-0.8234,0,0.5898,0.6367,0.4968,0,0,0.6171,0,1]},
{"frame":24,"values":[0.7701,-0.5006,-0.3955,0,-0.0097,0.6107,-0.7918,0,0.6379,0.6136,0.4654,0,0,0.6171,0,1]},
{"frame":25,"values":[0.7284,-0.4681,-0.5003,0,-0.0957,0.6535,-0.7509,0,0.6784,0.5948,0.4312,0,0,0.6171,0,1]},
{"frame":26,"values":[0.6844,-0.4364,-0.5841,0,-0.1655,0.6872,-0.7074,0,0.7101,0.5808,0.3981,0,0,0.6171,0,1]},
{"frame":27,"values":[0.6444,-0.4089,-0.6462,0,-0.2179,0.7119,-0.6677,0,0.733,0.571,0.3696,0,0,0.6171,0,1]},
{"frame":28,"values":[0.6131,-0.388,-0.6881,0,-0.2536,0.7283,-0.6366,0,0.7482,0.5648,0.3481,0,0,0.6171,0,1]},
{"frame":29,"values":[0.5936,-0.3752,-0.712,0,-0.2741,0.7376,-0.6172,0,0.7567,0.5615,0.3349,0,0,0.6171,0,1]},
{"frame":30,"values":[0.587,-0.3709,-0.7196,0,-0.2807,0.7405,-0.6106,0,0.7594,0.5604,0.3306,0,0,0.6171,0,1]},
{"frame":31,"values":[0.5936,-0.3752,-0.712,0,-0.2741,0.7376,-0.6172,0,0.7567,0.5615,0.3349,0,0,0.6171,0,1]},
{"frame":32,"values":[0.6131,-0.388,-0.6881,0,-0.2536,0.7283,-0.6366,0,0.7482,0.5648,0.3481,0,0,0.6171,0,1]},
{"frame":33,"values":[0.6444,-0.4089,-0.6462,0,-0.2179,0.7119,-0.6677,0,0.733,0.571,0.3696,0,0,0.6171,0,1]},
{"frame":34,"values":[0.6844,-0.4364,-0.5841,0,-0.1655,0.6872,-0.7074,0,0.7101,0.5808,0.3981,0,0,0.6171,0,1]},
{"frame":35,"values":[0.7284,-0.4681,-0.5003,0,-0.0957,0.6535,-0.7509,0,0.6784,0.5948,0.4312,0,0,0.6171,0,1]},
{"frame":36,"values":[0.7701,-0.5006,-0.3955,0,-0.0097,0.6107,-0.7918,0,0.6379,0.6136,0.4654,0,0,0.6171,0,1]},
{"frame":37,"values":[0.8027,-0.5296,-0.2742,0,0.0885,0.5605,-0.8234,0,0.5898,0.6367,0.4968,0,0,0.6171,0,1]},
{"frame":38,"values":[0.8213,-0.5519,-0.1443,0,0.1923,0.5059,-0.8409,0,0.5371,0.6629,0.5216,0,0,0.6171,0,1]},
{"frame":39,"values":[0.8245,-0.5657,-0.0161,0,0.2933,0.4514,-0.8428,0,0.484,0.6901,0.538,0,0,0.6171,0,1]},
{"frame":40,"values":[0.8146,-0.5713,0.1007,0,0.3841,0.4011,-0.8316,0,0.4347,0.7161,0.5462,0,0,0.6171,0,1]},
{"frame":41,"values":[0.7966,-0.5708,0.1989,0,0.4597,0.3584,-0.8126,0,0.3925,0.7387,0.5479,0,0,0.6171,0,1]},
{"frame":42,"values":[0.7764,-0.567,0.275,0,0.5177,0.325,-0.7915,0,0.3594,0.7569,0.5458,0,0,0.6171,0,1]},
{"frame":43,"values":[0.7588,-0.5625,0.3283,0,0.5579,0.3014,-0.7732,0,0.336,0.7699,0.5426,0,0,0.6171,0,1]},
{"frame":44,"values":[0.7472,-0.5591,0.3594,0,0.5813,0.2876,-0.7611,0,0.3222,0.7776,0.5399,0,0,0.6171,0,1]},
{"frame":45,"values":[0.7431,-0.5579,0.3695,0,0.5889,0.2831,-0.757,0,0.3176,0.7802,0.5389,0,0,0.6171,0,1]},
{"frame":46,"values":[0.7472,-0.5591,0.3594,0,0.5813,0.2876,-0.7611,0,0.3222,0.7776,0.5399,0,0,0.6171,0,1]},
{"frame":47,"values":[0.7588,-0.5625,0.3283,0,0.5579,0.3014,-0.7732,0,0.336,0.7699,0.5426,0,0,0.6171,0,1]},
{"frame":48,"values":[0.7764,-0.567,0.275,0,0.5177,0.325,-0.7915,0,0.3594,0.7569,0.5458,0,0,0.6171,0,1]},
{"frame":49,"values":[0.7966,-0.5708,0.1989,0,0.4597,0.3584,-0.8126,0,0.3925,0.7387,0.5479,0,0,0.6171,0,1]},
{"frame":50,"values":[0.8146,-0.5713,0.1007,0,0.3841,0.4011,-0.8316,0,0.4347,0.7161,0.5462,0,0,0.6171,0,1]},
{"frame":51,"values":[0.8245,-0.5657,-0.0161,0,0.2933,0.4514,-0.8428,0,0.484,0.6901,0.538,0,0,0.6171,0,1]},
{"frame":52,"values":[0.8213,-0.5519,-0.1443,0,0.1923,0.5059,-0.8409,0,0.5371,0.6629,0.5216,0,0,0.6171,0,1]},
{"frame":53,"values":[0.8027,-0.5296,-0.2742,0,0.0885,0.5605,-0.8234,0,0.5898,0.6367,0.4968,0,0,0.6171,0,1]},
{"frame":54,"values":[0.7701,-0.5006,-0.3955,0,-0.0097,0.6107,-0.7918,0,0.6379,0.6136,0.4654,0,0,0.6171,0,1]},
{"frame":55,"values":[0.7284,-0.4681,-0.5003,0,-0.0957,0.6535,-0.7509,0,0.6784,0.5948,0.4312,0,0,0.6171,0,1]},
{"frame":56,"values":[0.6844,-0.4364,-0.5841,0,-0.1655,0.6872,-0.7074,0,0.7101,0.5808,0.3981,0,0,0.6171,0,1]},
{"frame":57,"values":[0.6444,-0.4089,-0.6462,0,-0.2179,0.7119,-0.6677,0,0.733,0.571,0.3696,0,0,0.6171,0,1]},
{"frame":58,"values":[0.6131,-0.388,-0.6881,0,-0.2536,0.7283,-0.6366,0,0.7482,0.5648,0.3481,0,0,0.6171,0,1]},
{"frame":59,"values":[0.5936,-0.3752,-0.712,0,-0.2741,0.7376,-0.6172,0,0.7567,0.5615,0.3349,0,0,0.6171,0,1]},
{"frame":60,"values":[0.587,-0.3709,-0.7196,0,-0.2807,0.7405,-0.6106,0,0.7594,0.5604,0.3306,0,0,0.6171,0,1]}],"loopBehavior":1,"name":"anim","property":"_matrix"}},
{"name":"Bone.025","index":10,"matrix":[0.9921,-0.0199,-0.1237,0,-0.0173,0.9561,-0.2925,0,0.1241,0.2924,0.9482,0,0,1.7468,0,1],"rest":[0.9994,-0.0352,0.0025,0,0.0351,0.9982,0.0496,0,-0.0042,-0.0495,0.9988,0,0,1.7468,0,1],"parentBoneIndex":9,"length":1.4152
,"animation":{"dataType":3,"framePerSecond":24,"keys":[
{"frame":1,"values":[0.9921,-0.0199,-0.1237,0,-0.0173,0.9561,-0.2925,0,0.1241,0.2924,0.9482,0,0,1.7468,0,1]},
{"frame":2,"values":[0.9919,-0.0158,-0.126,0,-0.0217,0.9564,-0.2912,0,0.1251,0.2915,0.9483,0,0,1.7468,0,1]},
{"frame":3,"values":[0.9911,-0.0036,-0.1328,0,-0.035,0.9573,-0.2869,0,0.1282,0.289,0.9487,0,0,1.7468,0,1]},
{"frame":4,"values":[0.9894,0.0168,-0.144,0,-0.057,0.9584,-0.2797,0,0.1333,0.2849,0.9492,0,0,1.7468,0,1]},
{"frame":5,"values":[0.9862,0.0449,-0.1592,0,-0.0871,0.9591,-0.2693,0,0.1405,0.2795,0.9498,0,0,1.7468,0,1]},
{"frame":6,"values":[0.9809,0.0797,-0.1774,0,-0.1241,0.9587,-0.2559,0,0.1497,0.273,0.9503,0,0,1.7468,0,1]},
{"frame":7,"values":[0.973,0.1194,-0.1975,0,-0.166,0.9566,-0.2397,0,0.1603,0.266,0.9505,0,0,1.7468,0,1]},
{"frame":8,"values":[0.9624,0.1616,-0.2182,0,-0.2101,0.9523,-0.2214,0,0.172,0.259,0.9504,0,0,1.7468,0,1]},
{"frame":9,"values":[0.9497,0.2036,-0.238,0,-0.2535,0.9459,-0.2022,0,0.184,0.2524,0.95,0,0,1.7468,0,1]},
{"frame":10,"values":[0.9358,0.2428,-0.2557,0,-0.2936,0.9382,-0.1834,0,0.1954,0.2467,0.9492,0,0,1.7468,0,1]},
{"frame":11,"values":[0.922,0.2769,-0.2705,0,-0.3281,0.9299,-0.1663,0,0.2055,0.2421,0.9482,0,0,1.7468,0,1]},
{"frame":12,"values":[0.9099,0.3043,-0.2821,0,-0.3555,0.9222,-0.1521,0,0.2138,0.2386,0.9473,0,0,1.7468,0,1]},
{"frame":13,"values":[0.9005,0.324,-0.2901,0,-0.3752,0.9161,-0.1415,0,0.2199,0.2362,0.9465,0,0,1.7468,0,1]},
{"frame":14,"values":[0.8946,0.3358,-0.2949,0,-0.3869,0.9122,-0.135,0,0.2236,0.2349,0.946,0,0,1.7468,0,1]},
{"frame":15,"values":[0.8926,0.3397,-0.2964,0,-0.3908,0.9108,-0.1329,0,0.2249,0.2344,0.9458,0,0,1.7468,0,1]},
{"frame":16,"values":[0.8943,0.3363,-0.2951,0,-0.3874,0.912,-0.1347,0,0.2238,0.2348,0.9459,0,0,1.7468,0,1]},
{"frame":17,"values":[0.8995,0.3261,-0.291,0,-0.3772,0.9154,-0.1404,0,0.2206,0.236,0.9464,0,0,1.7468,0,1]},
{"frame":18,"values":[0.9077,0.3088,-0.2839,0,-0.3601,0.9208,-0.1496,0,0.2153,0.2381,0.9471,0,0,1.7468,0,1]},
{"frame":19,"values":[0.9186,0.2849,-0.2739,0,-0.3361,0.9278,-0.1622,0,0.2079,0.2411,0.948,0,0,1.7468,0,1]},
{"frame":20,"values":[0.9311,0.2548,-0.261,0,-0.3058,0.9354,-0.1775,0,0.1989,0.2451,0.9489,0,0,1.7468,0,1]},
{"frame":21,"values":[0.9442,0.2198,-0.2454,0,-0.2701,0.943,-0.1946,0,0.1886,0.25,0.9497,0,0,1.7468,0,1]},
{"frame":22,"values":[0.9567,0.1814,-0.2276,0,-0.2306,0.9496,-0.2125,0,0.1776,0.2558,0.9503,0,0,1.7468,0,1]},
{"frame":23,"values":[0.9677,0.1417,-0.2086,0,-0.1894,0.9545,-0.2301,0,0.1665,0.2622,0.9505,0,0,1.7468,0,1]},
{"frame":24,"values":[0.9765,0.103,-0.1893,0,-0.1488,0.9577,-0.2464,0,0.1559,0.2688,0.9505,0,0,1.7468,0,1]},
{"frame":25,"values":[0.983,0.0674,-0.171,0,-0.1112,0.959,-0.2607,0,0.1464,0.2752,0.9502,0,0,1.7468,0,1]},
{"frame":26,"values":[0.9873,0.0367,-0.1548,0,-0.0784,0.959,-0.2724,0,0.1384,0.2811,0.9497,0,0,1.7468,0,1]},
{"frame":27,"values":[0.9899,0.0121,-0.1414,0,-0.0519,0.9582,-0.2814,0,0.1321,0.2859,0.9491,0,0,1.7468,0,1]},
{"frame":28,"values":[0.9913,-0.0057,-0.1316,0,-0.0327,0.9572,-0.2877,0,0.1276,0.2895,0.9486,0,0,1.7468,0,1]},
{"frame":29,"values":[0.9919,-0.0164,-0.1257,0,-0.0212,0.9564,-0.2913,0,0.125,0.2916,0.9483,0,0,1.7468,0,1]},
{"frame":30,"values":[0.9921,-0.0199,-0.1237,0,-0.0173,0.9561,-0.2925,0,0.1241,0.2924,0.9482,0,0,1.7468,0,1]},
{"frame":31,"values":[0.9919,-0.0164,-0.1257,0,-0.0212,0.9564,-0.2913,0,0.125,0.2916,0.9483,0,0,1.7468,0,1]},
{"frame":32,"values":[0.9913,-0.0057,-0.1317,0,-0.0327,0.9572,-0.2877,0,0.1277,0.2895,0.9486,0,0,1.7468,0,1]},
{"frame":33,"values":[0.9899,0.0121,-0.1414,0,-0.0519,0.9582,-0.2814,0,0.1321,0.2859,0.9491,0,0,1.7468,0,1]},
{"frame":34,"values":[0.9873,0.0367,-0.1548,0,-0.0784,0.959,-0.2724,0,0.1384,0.2811,0.9497,0,0,1.7468,0,1]},
{"frame":35,"values":[0.983,0.0674,-0.171,0,-0.1112,0.959,-0.2607,0,0.1464,0.2752,0.9502,0,0,1.7468,0,1]},
{"frame":36,"values":[0.9765,0.103,-0.1893,0,-0.1488,0.9577,-0.2464,0,0.1559,0.2688,0.9505,0,0,1.7468,0,1]},
{"frame":37,"values":[0.9677,0.1417,-0.2086,0,-0.1894,0.9545,-0.2301,0,0.1665,0.2622,0.9505,0,0,1.7468,0,1]},
{"frame":38,"values":[0.9567,0.1814,-0.2276,0,-0.2306,0.9496,-0.2125,0,0.1776,0.2558,0.9503,0,0,1.7468,0,1]},
{"frame":39,"values":[0.9442,0.2198,-0.2454,0,-0.2701,0.943,-0.1946,0,0.1886,0.25,0.9497,0,0,1.7468,0,1]},
{"frame":40,"values":[0.9311,0.2548,-0.261,0,-0.3058,0.9354,-0.1775,0,0.1989,0.2451,0.9489,0,0,1.7468,0,1]},
{"frame":41,"values":[0.9186,0.2849,-0.2739,0,-0.3361,0.9278,-0.1622,0,0.2079,0.2411,0.948,0,0,1.7468,0,1]},
{"frame":42,"values":[0.9077,0.3088,-0.2839,0,-0.3601,0.9208,-0.1496,0,0.2153,0.2381,0.9471,0,0,1.7468,0,1]},
{"frame":43,"values":[0.8995,0.3261,-0.291,0,-0.3772,0.9154,-0.1404,0,0.2206,0.236,0.9464,0,0,1.7468,0,1]},
{"frame":44,"values":[0.8943,0.3363,-0.2951,0,-0.3874,0.912,-0.1347,0,0.2238,0.2348,0.9459,0,0,1.7468,0,1]},
{"frame":45,"values":[0.8926,0.3397,-0.2964,0,-0.3908,0.9108,-0.1329,0,0.2249,0.2344,0.9458,0,0,1.7468,0,1]},
{"frame":46,"values":[0.8943,0.3363,-0.2951,0,-0.3874,0.912,-0.1347,0,0.2238,0.2348,0.9459,0,0,1.7468,0,1]},
{"frame":47,"values":[0.8995,0.3261,-0.291,0,-0.3772,0.9154,-0.1404,0,0.2206,0.236,0.9464,0,0,1.7468,0,1]},
{"frame":48,"values":[0.9077,0.3088,-0.2839,0,-0.3601,0.9208,-0.1496,0,0.2153,0.2381,0.9471,0,0,1.7468,0,1]},
{"frame":49,"values":[0.9186,0.2849,-0.2739,0,-0.3361,0.9278,-0.1622,0,0.2079,0.2411,0.948,0,0,1.7468,0,1]},
{"frame":50,"values":[0.9311,0.2548,-0.261,0,-0.3058,0.9354,-0.1775,0,0.1989,0.2451,0.9489,0,0,1.7468,0,1]},
{"frame":51,"values":[0.9442,0.2198,-0.2454,0,-0.2701,0.943,-0.1946,0,0.1886,0.25,0.9497,0,0,1.7468,0,1]},
{"frame":52,"values":[0.9567,0.1814,-0.2276,0,-0.2306,0.9496,-0.2125,0,0.1776,0.2558,0.9503,0,0,1.7468,0,1]},
{"frame":53,"values":[0.9677,0.1417,-0.2086,0,-0.1894,0.9545,-0.2301,0,0.1665,0.2622,0.9505,0,0,1.7468,0,1]},
{"frame":54,"values":[0.9765,0.103,-0.1893,0,-0.1488,0.9577,-0.2464,0,0.1559,0.2688,0.9505,0,0,1.7468,0,1]},
{"frame":55,"values":[0.983,0.0674,-0.171,0,-0.1112,0.959,-0.2607,0,0.1464,0.2752,0.9502,0,0,1.7468,0,1]},
{"frame":56,"values":[0.9873,0.0367,-0.1548,0,-0.0784,0.959,-0.2724,0,0.1384,0.2811,0.9497,0,0,1.7468,0,1]},
{"frame":57,"values":[0.9899,0.0121,-0.1414,0,-0.0519,0.9582,-0.2814,0,0.1321,0.2859,0.9491,0,0,1.7468,0,1]},
{"frame":58,"values":[0.9913,-0.0057,-0.1316,0,-0.0327,0.9572,-0.2877,0,0.1276,0.2895,0.9486,0,0,1.7468,0,1]},
{"frame":59,"values":[0.9919,-0.0164,-0.1257,0,-0.0212,0.9564,-0.2913,0,0.125,0.2916,0.9483,0,0,1.7468,0,1]},
{"frame":60,"values":[0.9921,-0.0199,-0.1237,0,-0.0173,0.9561,-0.2925,0,0.1241,0.2924,0.9482,0,0,1.7468,0,1]}],"loopBehavior":1,"name":"anim","property":"_matrix"}},
{"name":"Bone.027","index":11,"matrix":[0.9246,-0.0069,0.3808,0,0.0238,0.9989,-0.0398,0,-0.3801,0.0458,0.9238,0,0,1.4152,0,1],"rest":[0.9246,-0.0069,0.3808,0,0.0238,0.9989,-0.0398,0,-0.3801,0.0458,0.9238,0,0,1.4152,0,1],"parentBoneIndex":10,"length":0.5167
,"animation":{"dataType":3,"framePerSecond":24,"keys":[
{"frame":1,"values":[0.9246,-0.0069,0.3808,0,0.0238,0.9989,-0.0398,0,-0.3801,0.0458,0.9238,0,0,1.4152,0,1]},
{"frame":60,"values":[0.9246,-0.0069,0.3808,0,0.0238,0.9989,-0.0398,0,-0.3801,0.0458,0.9238,0,0,1.4152,0,1]}],"loopBehavior":1,"name":"anim","property":"_matrix"}},
{"name":"Bone.002","index":12,"matrix":[0.021,0,-0.9998,0,0.007,-1,0.0001,0,0.9998,0.007,0.021,0,0.0037,7.8431,0.7322,1],"rest":[0.021,0,-0.9998,0,0.007,-1,0.0001,0,0.9998,0.007,0.021,0,0.0037,7.8431,0.7322,1],"parentBoneIndex":-1,"length":0.7166
,"animation":{"dataType":3,"framePerSecond":24,"keys":[
{"frame":1,"values":[0.021,0,-0.9998,0,0.007,-1,0.0001,0,0.9998,0.007,0.021,0,0.0037,7.8431,0.7322,1]},
{"frame":60,"values":[0.021,0,-0.9998,0,0.007,-1,0.0001,0,0.9998,0.007,0.021,0,0.0037,7.8431,0.7322,1]}],"loopBehavior":1,"name":"anim","property":"_matrix"}},
{"name":"Bone.004","index":13,"matrix":[0.2604,0.0068,0.9655,0,-0.2902,0.9543,0.0716,0,-0.9208,-0.2988,0.2505,0,0,0.7166,0,1],"rest":[0.2604,0.0068,0.9655,0,-0.2902,0.9543,0.0716,0,-0.9208,-0.2988,0.2505,0,0,0.7166,0,1],"parentBoneIndex":12,"length":0.4992
,"animation":{"dataType":3,"framePerSecond":24,"keys":[
{"frame":1,"values":[0.2604,0.0068,0.9655,0,-0.2902,0.9543,0.0716,0,-0.9208,-0.2988,0.2505,0,0,0.7166,0,1]},
{"frame":60,"values":[0.2604,0.0068,0.9655,0,-0.2902,0.9543,0.0716,0,-0.9208,-0.2988,0.2505,0,0,0.7166,0,1]}],"loopBehavior":1,"name":"anim","property":"_matrix"}},
{"name":"Bone.006","index":14,"matrix":[0.8373,0.1643,0.5214,0,-0.076,0.9795,-0.1867,0,-0.5414,0.1167,0.8326,0,0,0.4992,0,1],"rest":[0.8373,0.1643,0.5214,0,-0.076,0.9795,-0.1867,0,-0.5414,0.1167,0.8326,0,0,0.4992,0,1],"parentBoneIndex":13,"length":0.5623
,"animation":{"dataType":3,"framePerSecond":24,"keys":[
{"frame":1,"values":[0.8373,0.1643,0.5214,0,-0.076,0.9795,-0.1867,0,-0.5414,0.1167,0.8326,0,0,0.4992,0,1]},
{"frame":60,"values":[0.8373,0.1643,0.5214,0,-0.076,0.9795,-0.1867,0,-0.5414,0.1167,0.8326,0,0,0.4992,0,1]}],"loopBehavior":1,"name":"anim","property":"_matrix"}},
{"name":"Bone.007","index":15,"matrix":[-0.721,-0.6747,-0.1578,0,0.2015,0.0137,-0.9794,0,0.663,-0.738,0.1261,0,0,0.5623,0,1],"rest":[-0.7669,-0.1794,-0.6161,0,0.5809,0.2139,-0.7854,0,0.2727,-0.9603,-0.0598,0,0,0.5623,0,1],"parentBoneIndex":14,"length":0.7223
,"animation":{"dataType":3,"framePerSecond":24,"keys":[
{"frame":1,"values":[-0.721,-0.6747,-0.1578,0,0.2015,0.0137,-0.9794,0,0.663,-0.738,0.1261,0,0,0.5623,0,1]},
{"frame":60,"values":[-0.721,-0.6747,-0.1578,0,0.2015,0.0137,-0.9794,0,0.663,-0.738,0.1261,0,0,0.5623,0,1]}],"loopBehavior":1,"name":"anim","property":"_matrix"}},
{"name":"Bone.009","index":16,"matrix":[-0.3186,0.1947,0.9277,0,-0.5267,0.7773,-0.344,0,-0.7881,-0.5982,-0.1451,0,0,0.7223,0,1],"rest":[-0.4837,0.7144,0.5056,0,-0.2076,0.4675,-0.8593,0,-0.8502,-0.5206,-0.0778,0,0,0.7223,0,1],"parentBoneIndex":15,"length":0.7249
,"animation":{"dataType":3,"framePerSecond":24,"keys":[
{"frame":1,"values":[-0.3186,0.1947,0.9277,0,-0.5267,0.7773,-0.344,0,-0.7881,-0.5982,-0.1451,0,0,0.7223,0,1]},
{"frame":60,"values":[-0.3186,0.1947,0.9277,0,-0.5267,0.7773,-0.344,0,-0.7881,-0.5982,-0.1451,0,0,0.7223,0,1]}],"loopBehavior":1,"name":"anim","property":"_matrix"}},
{"name":"Bone.011","index":17,"matrix":[0.9043,0.3883,0.1771,0,-0.4066,0.91,0.0808,0,-0.1298,-0.1451,0.9809,0,0,0.7249,0,1],"rest":[0.9658,0.2592,-0.004,0,-0.2521,0.9357,-0.247,0,-0.0603,0.2395,0.969,0,0,0.7249,0,1],"parentBoneIndex":16,"length":1.3367
,"animation":{"dataType":3,"framePerSecond":24,"keys":[
{"frame":1,"values":[0.9043,0.3883,0.1771,0,-0.4066,0.91,0.0808,0,-0.1298,-0.1451,0.9809,0,0,0.7249,0,1]},
{"frame":2,"values":[0.9047,0.3878,0.1765,0,-0.4067,0.9095,0.0862,0,-0.1271,-0.1498,0.9805,0,0,0.7249,0,1]},
{"frame":3,"values":[0.9056,0.3865,0.1746,0,-0.4071,0.9076,0.1026,0,-0.1188,-0.164,0.9793,0,0,0.7249,0,1]},
{"frame":4,"values":[0.9072,0.3843,0.1713,0,-0.4074,0.9039,0.1299,0,-0.1049,-0.1876,0.9766,0,0,0.7249,0,1]},
{"frame":5,"values":[0.9093,0.3814,0.1666,0,-0.4073,0.8979,0.1672,0,-0.0858,-0.2199,0.9717,0,0,0.7249,0,1]},
{"frame":6,"values":[0.9117,0.378,0.1607,0,-0.406,0.8887,0.213,0,-0.0623,-0.2595,0.9637,0,0,0.7249,0,1]},
{"frame":7,"values":[0.9144,0.3745,0.1537,0,-0.4033,0.8759,0.2648,0,-0.0355,-0.3041,0.952,0,0,0.7249,0,1]},
{"frame":8,"values":[0.917,0.3711,0.146,0,-0.3988,0.8597,0.3192,0,-0.0071,-0.351,0.9364,0,0,0.7249,0,1]},
{"frame":9,"values":[0.9194,0.3682,0.1381,0,-0.3927,0.8408,0.3726,0,0.021,-0.3968,0.9177,0,0,0.7249,0,1]},
{"frame":10,"values":[0.9215,0.3658,0.1305,0,-0.3855,0.8208,0.4215,0,0.0471,-0.4388,0.8974,0,0,0.7249,0,1]},
{"frame":11,"values":[0.9232,0.3639,0.1237,0,-0.378,0.8014,0.4634,0,0.0695,-0.4746,0.8775,0,0,0.7249,0,1]},
{"frame":12,"values":[0.9244,0.3627,0.1181,0,-0.3713,0.7846,0.4966,0,0.0874,-0.5029,0.8599,0,0,0.7249,0,1]},
{"frame":13,"values":[0.9252,0.3619,0.114,0,-0.3659,0.7716,0.5203,0,0.1003,-0.5231,0.8464,0,0,0.7249,0,1]},
{"frame":14,"values":[0.9257,0.3614,0.1116,0,-0.3625,0.7636,0.5343,0,0.1079,-0.535,0.8379,0,0,0.7249,0,1]},
