{"producer":{"name":"Blender","version":"2.78 (sub 0)","exporter_version":"4.6.1","file":"alphaSnake.babylon"},
"autoClear":true,"clearColor":[0.05,0.05,0.05],"ambientColor":[0,0,0],"gravity":[0,-9.81,0],
"materials":[],
"multiMaterials":[],
"skeletons":[{"name":"Armature","id":0,"dimensionsAtRest":[7.6965,22.1553,5.0652],"bones":[
{"name":"Bone","index":0,"matrix":[0.7646,0.6357,0.1062,0,-0.1347,-0.0036,0.9909,0,-0.6303,0.7719,-0.0829,0,3.1305,0.8916,-3.8927,1],"rest":[0.7646,0.6357,0.1062,0,-0.1347,-0.0036,0.9909,0,-0.6303,0.7719,-0.0829,0,3.1305,0.8916,-3.8927,1],"parentBoneIndex":-1,"length":1.7045
,"animation":{"dataType":3,"framePerSecond":24,"keys":[
{"frame":1,"values":[0.7646,0.6357,0.1062,0,-0.1347,-0.0036,0.9909,0,-0.6303,0.7719,-0.0829,0,3.1305,0.8916,-3.8927,1]},
{"frame":60,"values":[0.7646,0.6357,0.1062,0,-0.1347,-0.0036,0.9909,0,-0.6303,0.7719,-0.0829,0,3.1305,0.8916,-3.8927,1]}],"loopBehavior":1,"name":"anim","property":"_matrix"}},
{"name":"Bone.001","index":1,"matrix":[0.4822,-0.0421,-0.8751,0,-0.2529,0.9496,-0.185,0,0.8388,0.3105,0.4472,0,0,1.7045,0,1],"rest":[0.4822,-0.0421,-0.8751,0,-0.2529,0.9496,-0.185,0,0.8388,0.3105,0.4472,0,0,1.7045,0,1],"parentBoneIndex":0,"length":0.4749
,"animation":{"dataType":3,"framePerSecond":24,"keys":[
{"frame":1,"values":[0.4822,-0.0421,-0.8751,0,-0.2529,0.9496,-0.185,0,0.8388,0.3105,0.4472,0,0,1.7045,0,1]},
{"frame":60,"values":[0.4822,-0.0421,-0.8751,0,-0.2529,0.9496,-0.185,0,0.8388,0.3105,0.4472,0,0,1.7045,0,1]}],"loopBehavior":1,"name":"anim","property":"_matrix"}},
{"name":"Bone.002","index":2,"matrix":[0.5448,-0.3896,0.7425,0,0.2621,-0.762,-0.5922,0,0.7965,0.5173,-0.3131,0,0,0.4749,0,1],"rest":[0.5448,-0.3896,0.7425,0,0.2621,-0.762,-0.5922,0,0.7965,0.5173,-0.3131,0,0,0.4749,0,1],"parentBoneIndex":1,"length":0.4605
,"animation":{"dataType":3,"framePerSecond":24,"keys":[
{"frame":1,"values":[0.5448,-0.3896,0.7425,0,0.2621,-0.762,-0.5922,0,0.7965,0.5173,-0.3131,0,0,0.4749,0,1]},
{"frame":60,"values":[0.5448,-0.3896,0.7425,0,0.2621,-0.762,-0.5922,0,0.7965,0.5173,-0.3131,0,0,0.4749,0,1]}],"loopBehavior":1,"name":"anim","property":"_matrix"}},
{"name":"Bone.003","index":3,"matrix":[-0.1407,-0.2978,-0.9442,0,0.1197,0.9416,-0.3148,0,0.9828,-0.1573,-0.0968,0,0,0.4605,0,1],"rest":[-0.1407,-0.2978,-0.9442,0,0.1197,0.9416,-0.3148,0,0.9828,-0.1573,-0.0968,0,0,0.4605,0,1],"parentBoneIndex":2,"length":1.4098
,"animation":{"dataType":3,"framePerSecond":24,"keys":[
{"frame":1,"values":[-0.1407,-0.2978,-0.9442,0,0.1197,0.9416,-0.3148,0,0.9828,-0.1573,-0.0968,0,0,0.4605,0,1]},
{"frame":60,"values":[-0.1407,-0.2978,-0.9442,0,0.1197,0.9416,-0.3148,0,0.9828,-0.1573,-0.0968,0,0,0.4605,0,1]}],"loopBehavior":1,"name":"anim","property":"_matrix"}},
{"name":"Bone.004","index":4,"matrix":[0.652,0.1362,-0.7459,0,0.3126,0.8479,0.4281,0,0.6908,-0.5123,0.5103,0,0,0.4749,0,1],"rest":[0.6566,0.344,-0.6713,0,-0.2733,0.938,0.2133,0,0.703,0.0435,0.7099,0,0,0.4749,0,1],"parentBoneIndex":1,"length":0.2951
,"animation":{"dataType":3,"framePerSecond":24,"keys":[
{"frame":1,"values":[0.6566,0.344,-0.6713,0,-0.2733,0.938,0.2133,0,0.703,0.0435,0.7099,0,0,0.4749,0,1]},
{"frame":2,"values":[0.6561,0.3455,-0.6709,0,-0.2774,0.9372,0.2113,0,0.7018,0.0475,0.7108,0,0,0.4749,0,1]},
{"frame":3,"values":[0.6547,0.35,-0.6699,0,-0.2898,0.9348,0.2053,0,0.6981,0.0597,0.7135,0,0,0.4749,0,1]},
{"frame":4,"values":[0.6523,0.3577,-0.6683,0,-0.3104,0.9304,0.195,0,0.6915,0.0802,0.7179,0,0,0.4749,0,1]},
{"frame":5,"values":[0.6486,0.3681,-0.6662,0,-0.3383,0.9235,0.1809,0,0.6818,0.108,0.7235,0,0,0.4749,0,1]},
{"frame":6,"values":[0.6438,0.3805,-0.6639,0,-0.3713,0.914,0.1637,0,0.669,0.1411,0.7297,0,0,0.4749,0,1]},
{"frame":7,"values":[0.6382,0.3937,-0.6616,0,-0.4064,0.9021,0.1448,0,0.6539,0.1765,0.7357,0,0,0.4749,0,1]},
{"frame":8,"values":[0.6321,0.4066,-0.6597,0,-0.4405,0.8889,0.1258,0,0.6375,0.2111,0.741,0,0,0.4749,0,1]},
{"frame":9,"values":[0.626,0.4183,-0.6581,0,-0.4711,0.8754,0.1082,0,0.6214,0.2423,0.7451,0,0,0.4749,0,1]},
{"frame":10,"values":[0.6206,0.4281,-0.657,0,-0.4968,0.8629,0.0931,0,0.6067,0.2686,0.7481,0,0,0.4749,0,1]},
{"frame":11,"values":[0.616,0.4359,-0.6562,0,-0.5169,0.8522,0.0809,0,0.5944,0.2894,0.7503,0,0,0.4749,0,1]},
{"frame":12,"values":[0.6117,0.4428,-0.6556,0,-0.5347,0.8422,0.0699,0,0.583,0.3078,0.7519,0,0,0.4749,0,1]},
{"frame":13,"values":[0.6076,0.4491,-0.6551,0,-0.5509,0.8324,0.0597,0,0.5721,0.3246,0.7532,0,0,0.4749,0,1]},
{"frame":14,"values":[0.6049,0.4532,-0.6548,0,-0.5615,0.8258,0.0529,0,0.5647,0.3356,0.7539,0,0,0.4749,0,1]},
{"frame":15,"values":[0.6039,0.4545,-0.6547,0,-0.5649,0.8236,0.0507,0,0.5622,0.3393,0.7542,0,0,0.4749,0,1]},
{"frame":16,"values":[0.6055,0.4523,-0.6549,0,-0.5591,0.8273,0.0544,0,0.5664,0.3332,0.7538,0,0,0.4749,0,1]},
{"frame":17,"values":[0.6103,0.445,-0.6554,0,-0.5404,0.8388,0.0663,0,0.5792,0.3138,0.7524,0,0,0.4749,0,1]},
{"frame":18,"values":[0.618,0.4324,-0.6565,0,-0.508,0.857,0.0863,0,0.6,0.2802,0.7494,0,0,0.4749,0,1]},
{"frame":19,"values":[0.6281,0.4144,-0.6586,0,-0.4609,0.8801,0.1142,0,0.6269,0.2318,0.7438,0,0,0.4749,0,1]},
{"frame":20,"values":[0.6395,0.3908,-0.6621,0,-0.3987,0.9049,0.149,0,0.6573,0.1687,0.7345,0,0,0.4749,0,1]},
{"frame":21,"values":[0.6507,0.3622,-0.6674,0,-0.3224,0.9275,0.189,0,0.6875,0.0921,0.7203,0,0,0.4749,0,1]},
{"frame":22,"values":[0.6604,0.3296,-0.6747,0,-0.2343,0.9441,0.2318,0,0.7134,0.005,0.7007,0,0,0.4749,0,1]},
{"frame":23,"values":[0.6673,0.2948,-0.684,0,-0.139,0.9515,0.2745,0,0.7317,-0.0881,0.6759,0,0,0.4749,0,1]},
{"frame":24,"values":[0.6706,0.26,-0.6948,0,-0.0423,0.9485,0.3141,0,0.7406,-0.1812,0.647,0,0,0.4749,0,1]},
{"frame":25,"values":[0.6705,0.2273,-0.7063,0,0.0497,0.936,0.3484,0,0.7403,-0.2687,0.6163,0,0,0.4749,0,1]},
{"frame":26,"values":[0.6677,0.1985,-0.7175,0,0.1317,0.9171,0.3763,0,0.7327,-0.3457,0.5862,0,0,0.4749,0,1]},
{"frame":27,"values":[0.6633,0.1747,-0.7277,0,0.2003,0.8955,0.3975,0,0.7211,-0.4094,0.559,0,0,0.4749,0,1]},
{"frame":28,"values":[0.6586,0.1563,-0.7361,0,0.2536,0.8748,0.4127,0,0.7085,-0.4585,0.5365,0,0,0.4749,0,1]},
{"frame":29,"values":[0.6546,0.1435,-0.7423,0,0.2911,0.8583,0.4227,0,0.6977,-0.4928,0.52,0,0,0.4749,0,1]},
{"frame":30,"values":[0.6519,0.136,-0.746,0,0.3132,0.8477,0.4283,0,0.6906,-0.5128,0.51,0,0,0.4749,0,1]},
{"frame":31,"values":[0.651,0.1336,-0.7472,0,0.3204,0.844,0.43,0,0.6881,-0.5194,0.5067,0,0,0.4749,0,1]},
{"frame":32,"values":[0.652,0.1362,-0.7459,0,0.3126,0.8479,0.4281,0,0.6908,-0.5123,0.5103,0,0,0.4749,0,1]},
{"frame":33,"values":[0.6548,0.1443,-0.7419,0,0.2888,0.8593,0.4221,0,0.6984,-0.4907,0.521,0,0,0.4749,0,1]},
{"frame":34,"values":[0.6591,0.1581,-0.7352,0,0.2484,0.877,0.4113,0,0.7098,-0.4537,0.5388,0,0,0.4749,0,1]},
{"frame":35,"values":[0.664,0.1778,-0.7263,0,0.1913,0.8986,0.3948,0,0.7229,-0.4011,0.5626,0,0,0.4749,0,1]},
{"frame":36,"values":[0.6683,0.2031,-0.7156,0,0.1185,0.9207,0.3719,0,0.7344,-0.3334,0.5912,0,0,0.4749,0,1]},
{"frame":37,"values":[0.6707,0.2333,-0.704,0,0.0325,0.939,0.3422,0,0.741,-0.2525,0.6223,0,0,0.4749,0,1]},
{"frame":38,"values":[0.6702,0.267,-0.6925,0,-0.0618,0.9499,0.3064,0,0.7396,-0.1625,0.6532,0,0,0.4749,0,1]},
{"frame":39,"values":[0.6662,0.3018,-0.682,0,-0.1584,0.9508,0.2661,0,0.7288,-0.0693,0.6812,0,0,0.4749,0,1]},
{"frame":40,"values":[0.6589,0.3355,-0.6733,0,-0.2505,0.9418,0.2242,0,0.7093,0.0209,0.7046,0,0,0.4749,0,1]},
{"frame":41,"values":[0.6494,0.3659,-0.6666,0,-0.3323,0.9251,0.184,0,0.684,0.1021,0.7223,0,0,0.4749,0,1]},
{"frame":42,"values":[0.6392,0.3913,-0.662,0,-0.4002,0.9044,0.1482,0,0.6567,0.1702,0.7347,0,0,0.4749,0,1]},
{"frame":43,"values":[0.6298,0.4111,-0.659,0,-0.4524,0.8838,0.119,0,0.6314,0.2232,0.7426,0,0,0.4749,0,1]},
{"frame":44,"values":[0.6223,0.4251,-0.6573,0,-0.4888,0.8669,0.0978,0,0.6114,0.2604,0.7472,0,0,0.4749,0,1]},
{"frame":45,"values":[0.6176,0.4332,-0.6564,0,-0.51,0.8559,0.0851,0,0.5987,0.2823,0.7496,0,0,0.4749,0,1]},
{"frame":46,"values":[0.616,0.4359,-0.6562,0,-0.5169,0.8522,0.0809,0,0.5944,0.2894,0.7503,0,0,0.4749,0,1]},
{"frame":47,"values":[0.6178,0.4328,-0.6565,0,-0.509,0.8565,0.0857,0,0.5994,0.2812,0.7495,0,0,0.4749,0,1]},
{"frame":48,"values":[0.6232,0.4234,-0.6575,0,-0.4846,0.869,0.1003,0,0.6138,0.2561,0.7467,0,0,0.4749,0,1]},
{"frame":49,"values":[0.6317,0.4074,-0.6595,0,-0.4426,0.888,0.1247,0,0.6365,0.2132,0.7413,0,0,0.4749,0,1]},
{"frame":50,"values":[0.6421,0.3846,-0.6631,0,-0.3824,0.9104,0.1578,0,0.6644,0.1522,0.7317,0,0,0.4749,0,1]},
{"frame":51,"values":[0.653,0.3555,-0.6687,0,-0.3045,0.9317,0.198,0,0.6935,0.0744,0.7167,0,0,0.4749,0,1]},
{"frame":52,"values":[0.6624,0.3214,-0.6767,0,-0.2119,0.9468,0.2422,0,0.7186,-0.017,0.6952,0,0,0.4749,0,1]},
{"frame":53,"values":[0.6686,0.2844,-0.687,0,-0.1103,0.9517,0.2866,0,0.7354,-0.1159,0.6677,0,0,0.4749,0,1]},
{"frame":54,"values":[0.6709,0.2475,-0.699,0,-0.0072,0.9448,0.3276,0,0.7415,-0.2147,0.6357,0,0,0.4749,0,1]},
{"frame":55,"values":[0.6694,0.2134,-0.7115,0,0.0891,0.9279,0.3621,0,0.7375,-0.3058,0.6021,0,0,0.4749,0,1]},
{"frame":56,"values":[0.6653,0.1845,-0.7234,0,0.172,0.905,0.389,0,0.7265,-0.3833,0.5704,0,0,0.4749,0,1]},
{"frame":57,"values":[0.6601,0.1618,-0.7335,0,0.2376,0.8814,0.4083,0,0.7126,-0.4438,0.5434,0,0,0.4749,0,1]},
{"frame":58,"values":[0.6554,0.1459,-0.7411,0,0.2841,0.8615,0.4209,0,0.6999,-0.4863,0.5231,0,0,0.4749,0,1]},
{"frame":59,"values":[0.6521,0.1366,-0.7457,0,0.3115,0.8485,0.4278,0,0.6912,-0.5112,0.5108,0,0,0.4749,0,1]},
{"frame":60,"values":[0.651,0.1336,-0.7472,0,0.3204,0.844,0.43,0,0.6881,-0.5194,0.5067,0,0,0.4749,0,1]}],"loopBehavior":1,"name":"anim","property":"_matrix"}},
{"name":"Bone.005","index":5,"matrix":[0.8781,-0.4017,0.2599,0,0.2063,0.808,0.5519,0,-0.4317,-0.431,0.7924,0,0,0.2951,0,1],"rest":[0.9099,-0.2301,0.3451,0,0.1181,0.9414,0.3161,0,-0.3975,-0.2468,0.8838,0,0,0.2951,0,1],"parentBoneIndex":4,"length":0.3952
,"animation":{"dataType":3,"framePerSecond":24,"keys":[
{"frame":1,"values":[0.9099,-0.2301,0.3451,0,0.1181,0.9414,0.3161,0,-0.3975,-0.2468,0.8838,0,0,0.2951,0,1]},
{"frame":2,"values":[0.91,-0.2298,0.3452,0,0.118,0.9415,0.3157,0,-0.3975,-0.2466,0.8839,0,0,0.2951,0,1]},
{"frame":3,"values":[0.9101,-0.229,0.3454,0,0.1176,0.9419,0.3146,0,-0.3974,-0.2457,0.8841,0,0,0.2951,0,1]},
{"frame":4,"values":[0.9102,-0.2277,0.3459,0,0.1169,0.9426,0.3128,0,-0.3972,-0.2443,0.8846,0,0,0.2951,0,1]},
{"frame":5,"values":[0.9105,-0.2259,0.3464,0,0.116,0.9435,0.3104,0,-0.397,-0.2424,0.8852,0,0,0.2951,0,1]},
{"frame":6,"values":[0.9107,-0.2238,0.3471,0,0.1149,0.9446,0.3074,0,-0.3967,-0.2401,0.886,0,0,0.2951,0,1]},
{"frame":7,"values":[0.911,-0.2215,0.3479,0,0.1137,0.9458,0.3042,0,-0.3964,-0.2376,0.8868,0,0,0.2951,0,1]},
{"frame":8,"values":[0.9113,-0.2191,0.3486,0,0.1125,0.9469,0.3011,0,-0.3961,-0.2351,0.8876,0,0,0.2951,0,1]},
{"frame":9,"values":[0.9115,-0.217,0.3493,0,0.1115,0.948,0.2982,0,-0.3958,-0.2329,0.8883,0,0,0.2951,0,1]},
{"frame":10,"values":[0.9117,-0.2152,0.3499,0,0.1105,0.9489,0.2957,0,-0.3956,-0.2309,0.8889,0,0,0.2951,0,1]},
{"frame":11,"values":[0.9119,-0.2138,0.3503,0,0.1098,0.9496,0.2937,0,-0.3954,-0.2294,0.8894,0,0,0.2951,0,1]},
{"frame":12,"values":[0.9121,-0.2125,0.3507,0,0.1091,0.9502,0.2919,0,-0.3953,-0.228,0.8898,0,0,0.2951,0,1]},
{"frame":13,"values":[0.9122,-0.2112,0.3511,0,0.1085,0.9508,0.2902,0,-0.3951,-0.2266,0.8902,0,0,0.2951,0,1]},
{"frame":14,"values":[0.9123,-0.2104,0.3513,0,0.1081,0.9512,0.2891,0,-0.395,-0.2258,0.8905,0,0,0.2951,0,1]},
{"frame":15,"values":[0.9123,-0.2102,0.3514,0,0.1079,0.9513,0.2888,0,-0.395,-0.2255,0.8906,0,0,0.2951,0,1]},
{"frame":16,"values":[0.9121,-0.212,0.3509,0,0.1089,0.9504,0.2912,0,-0.3952,-0.2274,0.89,0,0,0.2951,0,1]},
{"frame":17,"values":[0.9115,-0.2173,0.3492,0,0.1116,0.9478,0.2986,0,-0.3959,-0.2332,0.8882,0,0,0.2951,0,1]},
{"frame":18,"values":[0.9104,-0.2263,0.3463,0,0.1162,0.9433,0.3109,0,-0.397,-0.2428,0.8851,0,0,0.2951,0,1]},
{"frame":19,"values":[0.9089,-0.2386,0.3421,0,0.1225,0.9368,0.3278,0,-0.3987,-0.256,0.8806,0,0,0.2951,0,1]},
{"frame":20,"values":[0.9068,-0.2539,0.3366,0,0.1304,0.9281,0.3488,0,-0.4009,-0.2724,0.8747,0,0,0.2951,0,1]},
{"frame":21,"values":[0.9042,-0.2715,0.3297,0,0.1394,0.9173,0.373,0,-0.4037,-0.2913,0.8673,0,0,0.2951,0,1]},
{"frame":22,"values":[0.9011,-0.2908,0.3215,0,0.1493,0.9045,0.3995,0,-0.407,-0.312,0.8585,0,0,0.2951,0,1]},
{"frame":23,"values":[0.8977,-0.3107,0.3123,0,0.1596,0.8901,0.4269,0,-0.4107,-0.3334,0.8486,0,0,0.2951,0,1]},
{"frame":24,"values":[0.8941,-0.3304,0.3025,0,0.1696,0.8748,0.4539,0,-0.4146,-0.3544,0.8381,0,0,0.2951,0,1]},
{"frame":25,"values":[0.8904,-0.3487,0.2927,0,0.1791,0.8593,0.4791,0,-0.4186,-0.3741,0.8276,0,0,0.2951,0,1]},
{"frame":26,"values":[0.8869,-0.365,0.2833,0,0.1875,0.8446,0.5015,0,-0.4223,-0.3916,0.8175,0,0,0.2951,0,1]},
{"frame":27,"values":[0.8837,-0.3788,0.2749,0,0.1945,0.8315,0.5204,0,-0.4257,-0.4064,0.8085,0,0,0.2951,0,1]},
{"frame":28,"values":[0.8811,-0.3896,0.268,0,0.2001,0.8207,0.5352,0,-0.4284,-0.418,0.8011,0,0,0.2951,0,1]},
{"frame":29,"values":[0.8792,-0.3973,0.2629,0,0.204,0.8127,0.5458,0,-0.4305,-0.4262,0.7956,0,0,0.2951,0,1]},
{"frame":30,"values":[0.8781,-0.4019,0.2598,0,0.2064,0.8078,0.5521,0,-0.4317,-0.4312,0.7923,0,0,0.2951,0,1]},
{"frame":31,"values":[0.8777,-0.4034,0.2588,0,0.2072,0.8062,0.5542,0,-0.4322,-0.4328,0.7912,0,0,0.2951,0,1]},
{"frame":32,"values":[0.8781,-0.4017,0.2599,0,0.2063,0.808,0.5519,0,-0.4317,-0.431,0.7924,0,0,0.2951,0,1]},
{"frame":33,"values":[0.8794,-0.3966,0.2634,0,0.2036,0.8135,0.5448,0,-0.4303,-0.4255,0.7961,0,0,0.2951,0,1]},
{"frame":34,"values":[0.8815,-0.3879,0.2691,0,0.1992,0.8224,0.5329,0,-0.428,-0.4162,0.8022,0,0,0.2951,0,1]},
{"frame":35,"values":[0.8844,-0.3759,0.2767,0,0.193,0.8343,0.5164,0,-0.425,-0.4033,0.8104,0,0,0.2951,0,1]},
{"frame":36,"values":[0.8878,-0.3606,0.2859,0,0.1852,0.8487,0.4954,0,-0.4213,-0.3869,0.8203,0,0,0.2951,0,1]},
{"frame":37,"values":[0.8916,-0.3427,0.296,0,0.176,0.8645,0.4708,0,-0.4172,-0.3677,0.8311,0,0,0.2951,0,1]},
{"frame":38,"values":[0.8955,-0.3228,0.3064,0,0.1658,0.8808,0.4435,0,-0.413,-0.3463,0.8423,0,0,0.2951,0,1]},
{"frame":39,"values":[0.8993,-0.302,0.3165,0,0.1551,0.8966,0.4149,0,-0.409,-0.324,0.8531,0,0,0.2951,0,1]},
{"frame":40,"values":[0.9027,-0.2814,0.3256,0,0.1445,0.9109,0.3866,0,-0.4054,-0.3019,0.8629,0,0,0.2951,0,1]},
{"frame":41,"values":[0.9056,-0.2622,0.3334,0,0.1346,0.9231,0.3602,0,-0.4022,-0.2813,0.8713,0,0,0.2951,0,1]},
{"frame":42,"values":[0.908,-0.2453,0.3397,0,0.126,0.933,0.3371,0,-0.3997,-0.2632,0.878,0,0,0.2951,0,1]},
{"frame":43,"values":[0.9097,-0.2317,0.3445,0,0.119,0.9405,0.3183,0,-0.3978,-0.2486,0.8832,0,0,0.2951,0,1]},
{"frame":44,"values":[0.911,-0.2218,0.3478,0,0.1139,0.9456,0.3047,0,-0.3964,-0.2379,0.8867,0,0,0.2951,0,1]},
{"frame":45,"values":[0.9117,-0.2158,0.3497,0,0.1108,0.9486,0.2964,0,-0.3957,-0.2315,0.8887,0,0,0.2951,0,1]},
{"frame":46,"values":[0.9119,-0.2138,0.3503,0,0.1098,0.9496,0.2937,0,-0.3954,-0.2294,0.8894,0,0,0.2951,0,1]},
{"frame":47,"values":[0.9116,-0.2161,0.3496,0,0.1109,0.9485,0.2968,0,-0.3957,-0.2318,0.8886,0,0,0.2951,0,1]},
{"frame":48,"values":[0.9108,-0.2229,0.3474,0,0.1145,0.945,0.3063,0,-0.3966,-0.2392,0.8863,0,0,0.2951,0,1]},
{"frame":49,"values":[0.9094,-0.2343,0.3436,0,0.1203,0.9391,0.3219,0,-0.3981,-0.2514,0.8822,0,0,0.2951,0,1]},
{"frame":50,"values":[0.9073,-0.2499,0.3381,0,0.1283,0.9304,0.3433,0,-0.4003,-0.2681,0.8763,0,0,0.2951,0,1]},
{"frame":51,"values":[0.9046,-0.2688,0.3308,0,0.138,0.919,0.3693,0,-0.4033,-0.2884,0.8684,0,0,0.2951,0,1]},
{"frame":52,"values":[0.9013,-0.2901,0.3218,0,0.149,0.905,0.3985,0,-0.4069,-0.3112,0.8588,0,0,0.2951,0,1]},
{"frame":53,"values":[0.8974,-0.3124,0.3115,0,0.1604,0.8888,0.4292,0,-0.411,-0.3352,0.8478,0,0,0.2951,0,1]},
{"frame":54,"values":[0.8933,-0.3343,0.3005,0,0.1717,0.8715,0.4593,0,-0.4154,-0.3587,0.8359,0,0,0.2951,0,1]},
{"frame":55,"values":[0.8891,-0.3545,0.2894,0,0.182,0.8542,0.487,0,-0.4199,-0.3803,0.8241,0,0,0.2951,0,1]},
{"frame":56,"values":[0.8853,-0.3718,0.2792,0,0.1909,0.8382,0.5108,0,-0.424,-0.3989,0.8131,0,0,0.2951,0,1]},
{"frame":57,"values":[0.8821,-0.3856,0.2706,0,0.198,0.8247,0.5298,0,-0.4274,-0.4137,0.8038,0,0,0.2951,0,1]},
{"frame":58,"values":[0.8797,-0.3955,0.2641,0,0.2031,0.8145,0.5434,0,-0.43,-0.4244,0.7969,0,0,0.2951,0,1]},
{"frame":59,"values":[0.8782,-0.4014,0.2601,0,0.2062,0.8083,0.5515,0,-0.4316,-0.4307,0.7926,0,0,0.2951,0,1]},
{"frame":60,"values":[0.8777,-0.4034,0.2588,0,0.2072,0.8062,0.5542,0,-0.4322,-0.4328,0.7912,0,0,0.2951,0,1]}],"loopBehavior":1,"name":"anim","property":"_matrix"}},
{"name":"Bone.006","index":6,"matrix":[0.6655,-0.3328,0.6681,0,0.227,0.9429,0.2436,0,-0.711,-0.0105,0.7031,0,0,0.3952,0,1],"rest":[0.662,-0.3469,0.6644,0,0.2366,0.9378,0.2539,0,-0.7111,-0.0109,0.703,0,0,0.3952,0,1],"parentBoneIndex":5,"length":0.4448
,"animation":{"dataType":3,"framePerSecond":24,"keys":[
{"frame":1,"values":[0.6986,-0.1297,0.7036,0,0.0885,0.9915,0.0949,0,-0.71,-0.0041,0.7042,0,0,0.3952,0,1]},
{"frame":2,"values":[0.6987,-0.1293,0.7037,0,0.0882,0.9916,0.0947,0,-0.71,-0.0041,0.7042,0,0,0.3952,0,1]},
{"frame":3,"values":[0.6988,-0.1283,0.7038,0,0.0875,0.9917,0.0939,0,-0.71,-0.004,0.7042,0,0,0.3952,0,1]},
{"frame":4,"values":[0.6989,-0.1266,0.7039,0,0.0863,0.9919,0.0926,0,-0.71,-0.004,0.7042,0,0,0.3952,0,1]},
{"frame":5,"values":[0.6991,-0.1242,0.7041,0,0.0847,0.9922,0.0909,0,-0.71,-0.0039,0.7042,0,0,0.3952,0,1]},
{"frame":6,"values":[0.6993,-0.1214,0.7044,0,0.0828,0.9926,0.0889,0,-0.71,-0.0038,0.7042,0,0,0.3952,0,1]},
{"frame":7,"values":[0.6996,-0.1184,0.7047,0,0.0807,0.993,0.0866,0,-0.71,-0.0037,0.7042,0,0,0.3952,0,1]},
{"frame":8,"values":[0.6998,-0.1153,0.7049,0,0.0787,0.9933,0.0844,0,-0.71,-0.0036,0.7042,0,0,0.3952,0,1]},
{"frame":9,"values":[0.7001,-0.1126,0.7052,0,0.0768,0.9936,0.0824,0,-0.71,-0.0035,0.7042,0,0,0.3952,0,1]},
{"frame":10,"values":[0.7002,-0.1102,0.7054,0,0.0752,0.9939,0.0807,0,-0.7099,-0.0035,0.7042,0,0,0.3952,0,1]},
{"frame":11,"values":[0.7004,-0.1083,0.7055,0,0.0739,0.9941,0.0793,0,-0.7099,-0.0034,0.7043,0,0,0.3952,0,1]},
{"frame":12,"values":[0.7005,-0.1066,0.7056,0,0.0727,0.9943,0.078,0,-0.7099,-0.0033,0.7043,0,0,0.3952,0,1]},
{"frame":13,"values":[0.7006,-0.105,0.7058,0,0.0716,0.9945,0.0768,0,-0.7099,-0.0033,0.7043,0,0,0.3952,0,1]},
{"frame":14,"values":[0.7007,-0.1039,0.7058,0,0.0709,0.9946,0.0761,0,-0.7099,-0.0033,0.7043,0,0,0.3952,0,1]},
{"frame":15,"values":[0.7007,-0.1036,0.7059,0,0.0707,0.9946,0.0758,0,-0.7099,-0.0032,0.7043,0,0,0.3952,0,1]},
{"frame":16,"values":[0.7006,-0.1057,0.7057,0,0.0721,0.9944,0.0773,0,-0.7099,-0.0033,0.7043,0,0,0.3952,0,1]},
{"frame":17,"values":[0.7001,-0.1118,0.7052,0,0.0763,0.9937,0.0818,0,-0.7099,-0.0035,0.7042,0,0,0.3952,0,1]},
{"frame":18,"values":[0.6993,-0.1221,0.7043,0,0.0833,0.9925,0.0893,0,-0.71,-0.0038,0.7042,0,0,0.3952,0,1]},
{"frame":19,"values":[0.698,-0.1362,0.703,0,0.0929,0.9907,0.0997,0,-0.71,-0.0043,0.7042,0,0,0.3952,0,1]},
{"frame":20,"values":[0.6963,-0.1539,0.7011,0,0.105,0.9881,0.1126,0,-0.7101,-0.0048,0.7041,0,0,0.3952,0,1]},
{"frame":21,"values":[0.6939,-0.1745,0.6986,0,0.119,0.9846,0.1277,0,-0.7101,-0.0055,0.704,0,0,0.3952,0,1]},
{"frame":22,"values":[0.691,-0.1972,0.6954,0,0.1345,0.9803,0.1443,0,-0.7102,-0.0062,0.7039,0,0,0.3952,0,1]},
{"frame":23,"values":[0.6875,-0.2208,0.6917,0,0.1506,0.9753,0.1617,0,-0.7103,-0.0069,0.7038,0,0,0.3952,0,1]},
{"frame":24,"values":[0.6837,-0.2444,0.6876,0,0.1667,0.9696,0.1789,0,-0.7105,-0.0077,0.7037,0,0,0.3952,0,1]},
{"frame":25,"values":[0.6797,-0.2667,0.6833,0,0.1819,0.9637,0.1952,0,-0.7106,-0.0084,0.7035,0,0,0.3952,0,1]},
{"frame":26,"values":[0.6757,-0.2868,0.6791,0,0.1956,0.958,0.2099,0,-0.7107,-0.009,0.7034,0,0,0.3952,0,1]},
{"frame":27,"values":[0.6721,-0.3038,0.6752,0,0.2072,0.9527,0.2224,0,-0.7108,-0.0096,0.7033,0,0,0.3952,0,1]},
{"frame":28,"values":[0.6691,-0.3174,0.672,0,0.2165,0.9482,0.2323,0,-0.7109,-0.01,0.7032,0,0,0.3952,0,1]},
{"frame":29,"values":[0.6668,-0.3272,0.6695,0,0.2232,0.9449,0.2395,0,-0.711,-0.0103,0.7031,0,0,0.3952,0,1]},
{"frame":30,"values":[0.6654,-0.333,0.668,0,0.2271,0.9429,0.2438,0,-0.711,-0.0105,0.7031,0,0,0.3952,0,1]},
{"frame":31,"values":[0.665,-0.335,0.6675,0,0.2285,0.9422,0.2452,0,-0.7111,-0.0105,0.7031,0,0,0.3952,0,1]},
{"frame":32,"values":[0.6655,-0.3328,0.6681,0,0.227,0.9429,0.2436,0,-0.711,-0.0105,0.7031,0,0,0.3952,0,1]},
{"frame":33,"values":[0.6671,-0.3263,0.6698,0,0.2225,0.9452,0.2388,0,-0.711,-0.0103,0.7031,0,0,0.3952,0,1]},
{"frame":34,"values":[0.6696,-0.3154,0.6725,0,0.2151,0.9489,0.2309,0,-0.7109,-0.0099,0.7032,0,0,0.3952,0,1]},
{"frame":35,"values":[0.6729,-0.3003,0.676,0,0.2048,0.9538,0.2198,0,-0.7108,-0.0095,0.7033,0,0,0.3952,0,1]},
{"frame":36,"values":[0.6768,-0.2815,0.6802,0,0.192,0.9595,0.206,0,-0.7107,-0.0089,0.7035,0,0,0.3952,0,1]},
{"frame":37,"values":[0.681,-0.2595,0.6847,0,0.177,0.9657,0.19,0,-0.7106,-0.0082,0.7036,0,0,0.3952,0,1]},
{"frame":38,"values":[0.6852,-0.2355,0.6892,0,0.1606,0.9718,0.1724,0,-0.7104,-0.0074,0.7037,0,0,0.3952,0,1]},
{"frame":39,"values":[0.6891,-0.2107,0.6934,0,0.1437,0.9775,0.1542,0,-0.7103,-0.0066,0.7039,0,0,0.3952,0,1]},
{"frame":40,"values":[0.6924,-0.1864,0.697,0,0.1272,0.9824,0.1365,0,-0.7102,-0.0059,0.704,0,0,0.3952,0,1]},
{"frame":41,"values":[0.6951,-0.164,0.6999,0,0.1119,0.9864,0.1201,0,-0.7101,-0.0052,0.7041,0,0,0.3952,0,1]},
{"frame":42,"values":[0.6972,-0.1445,0.7021,0,0.0986,0.9895,0.1058,0,-0.71,-0.0045,0.7041,0,0,0.3952,0,1]},
{"frame":43,"values":[0.6987,-0.1288,0.7037,0,0.0879,0.9917,0.0943,0,-0.71,-0.0041,0.7042,0,0,0.3952,0,1]},
{"frame":44,"values":[0.6997,-0.1174,0.7048,0,0.0801,0.9931,0.086,0,-0.71,-0.0037,0.7042,0,0,0.3952,0,1]},
{"frame":45,"values":[0.7002,-0.1106,0.7053,0,0.0754,0.9939,0.0809,0,-0.7099,-0.0035,0.7042,0,0,0.3952,0,1]},
{"frame":46,"values":[0.7004,-0.1083,0.7055,0,0.0739,0.9941,0.0793,0,-0.7099,-0.0034,0.7043,0,0,0.3952,0,1]},
{"frame":47,"values":[0.7002,-0.1109,0.7053,0,0.0756,0.9938,0.0812,0,-0.7099,-0.0035,0.7042,0,0,0.3952,0,1]},
{"frame":48,"values":[0.6996,-0.1188,0.7046,0,0.081,0.9929,0.087,0,-0.71,-0.0038,0.7042,0,0,0.3952,0,1]},
{"frame":49,"values":[0.6984,-0.1319,0.7034,0,0.0899,0.9913,0.0965,0,-0.71,-0.0042,0.7042,0,0,0.3952,0,1]},
{"frame":50,"values":[0.6967,-0.1497,0.7016,0,0.1021,0.9887,0.1097,0,-0.7101,-0.0048,0.7041,0,0,0.3952,0,1]},
{"frame":51,"values":[0.6942,-0.1717,0.6989,0,0.1171,0.9851,0.1258,0,-0.7102,-0.0055,0.704,0,0,0.3952,0,1]},
{"frame":52,"values":[0.6911,-0.1967,0.6955,0,0.1341,0.9804,0.1441,0,-0.7103,-0.0063,0.7039,0,0,0.3952,0,1]},
{"frame":53,"values":[0.6872,-0.2231,0.6914,0,0.1521,0.9748,0.1635,0,-0.7104,-0.0072,0.7038,0,0,0.3952,0,1]},
{"frame":54,"values":[0.6828,-0.2494,0.6867,0,0.17,0.9684,0.1827,0,-0.7105,-0.0081,0.7036,0,0,0.3952,0,1]},
{"frame":55,"values":[0.6783,-0.2739,0.6818,0,0.1867,0.9617,0.2007,0,-0.7107,-0.0089,0.7034,0,0,0.3952,0,1]},
{"frame":56,"values":[0.674,-0.2953,0.6772,0,0.2012,0.9554,0.2164,0,-0.7108,-0.0096,0.7033,0,0,0.3952,0,1]},
{"frame":57,"values":[0.6702,-0.3125,0.6732,0,0.2129,0.9499,0.229,0,-0.711,-0.0101,0.7032,0,0,0.3952,0,1]},
{"frame":58,"values":[0.6674,-0.325,0.6701,0,0.2214,0.9457,0.2381,0,-0.7111,-0.0105,0.7031,0,0,0.3952,0,1]},
{"frame":59,"values":[0.6656,-0.3325,0.6682,0,0.2265,0.943,0.2436,0,-0.7111,-0.0108,0.703,0,0,0.3952,0,1]},
{"frame":60,"values":[0.665,-0.335,0.6675,0,0.2282,0.9422,0.2454,0,-0.7111,-0.0109,0.703,0,0,0.3952,0,1]}],"loopBehavior":1,"name":"anim","property":"_matrix"}},
{"name":"Bone.007","index":7,"matrix":[0.6493,0.0095,0.7605,0,-0.0141,0.9999,-0.0004,0,-0.7604,-0.0105,0.6494,0,0,0.4448,0,1],"rest":[0.6486,-0.0318,0.7604,0,0.0472,0.9989,0.0015,0,-0.7596,0.0349,0.6494,0,0,0.4448,0,1],"parentBoneIndex":6,"length":2.0707
,"animation":{"dataType":3,"framePerSecond":24,"keys":[
{"frame":1,"values":[0.6312,0.1552,0.7599,0,-0.2305,0.973,-0.0072,0,-0.7405,-0.1706,0.65,0,0,0.4448,0,1]},
{"frame":2,"values":[0.6301,0.1601,0.7599,0,-0.2378,0.9713,-0.0074,0,-0.7392,-0.176,0.65,0,0,0.4448,0,1]},
{"frame":3,"values":[0.6262,0.175,0.7597,0,-0.26,0.9656,-0.0081,0,-0.735,-0.1924,0.6502,0,0,0.4448,0,1]},
{"frame":4,"values":[0.619,0.1999,0.7595,0,-0.297,0.9548,-0.0093,0,-0.7271,-0.2198,0.6504,0,0,0.4448,0,1]},
{"frame":5,"values":[0.6075,0.2336,0.7592,0,-0.347,0.9378,-0.0109,0,-0.7145,-0.2568,0.6508,0,0,0.4448,0,1]},
{"frame":6,"values":[0.5914,0.2732,0.7587,0,-0.4058,0.9139,-0.0127,0,-0.6968,-0.3004,0.6514,0,0,0.4448,0,1]},
{"frame":7,"values":[0.5712,0.315,0.758,0,-0.4678,0.8837,-0.0147,0,-0.6745,-0.3463,0.6521,0,0,0.4448,0,1]},
{"frame":8,"values":[0.5482,0.3549,0.7573,0,-0.5271,0.8496,-0.0165,0,-0.6493,-0.3901,0.6529,0,0,0.4448,0,1]},
{"frame":9,"values":[0.5249,0.39,0.7566,0,-0.5793,0.8149,-0.0182,0,-0.6236,-0.4288,0.6537,0,0,0.4448,0,1]},
{"frame":10,"values":[0.5032,0.4188,0.7559,0,-0.6221,0.7827,-0.0195,0,-0.5998,-0.4604,0.6544,0,0,0.4448,0,1]},
{"frame":11,"values":[0.4849,0.4409,0.7553,0,-0.655,0.7554,-0.0205,0,-0.5796,-0.4848,0.655,0,0,0.4448,0,1]},
{"frame":12,"values":[0.4676,0.4601,0.7548,0,-0.6834,0.7297,-0.0214,0,-0.5606,-0.5058,0.6556,0,0,0.4448,0,1]},
{"frame":13,"values":[0.4509,0.4773,0.7542,0,-0.709,0.7049,-0.0222,0,-0.5422,-0.5247,0.6562,0,0,0.4448,0,1]},
{"frame":14,"values":[0.4396,0.4882,0.7539,0,-0.7252,0.6881,-0.0227,0,-0.5299,-0.5368,0.6566,0,0,0.4448,0,1]},
{"frame":15,"values":[0.4361,0.4915,0.7538,0,-0.7301,0.6829,-0.0229,0,-0.526,-0.5404,0.6567,0,0,0.4448,0,1]},
{"frame":16,"values":[0.4395,0.4884,0.7539,0,-0.7255,0.6879,-0.0227,0,-0.5297,-0.5369,0.6566,0,0,0.4448,0,1]},
{"frame":17,"values":[0.4494,0.4787,0.7542,0,-0.7111,0.7027,-0.0223,0,-0.5407,-0.5263,0.6563,0,0,0.4448,0,1]},
{"frame":18,"values":[0.4657,0.4621,0.7547,0,-0.6864,0.7269,-0.0215,0,-0.5586,-0.508,0.6557,0,0,0.4448,0,1]},
{"frame":19,"values":[0.4874,0.438,0.7554,0,-0.6506,0.7592,-0.0204,0,-0.5824,-0.4815,0.655,0,0,0.4448,0,1]},
{"frame":20,"values":[0.5131,0.4061,0.7562,0,-0.6032,0.7974,-0.0189,0,-0.6106,-0.4464,0.6541,0,0,0.4448,0,1]},
{"frame":21,"values":[0.5407,0.3667,0.7571,0,-0.5447,0.8385,-0.0171,0,-0.641,-0.4031,0.6531,0,0,0.4448,0,1]},
{"frame":22,"values":[0.5681,0.3207,0.7579,0,-0.4764,0.8791,-0.0149,0,-0.6711,-0.3526,0.6522,0,0,0.4448,0,1]},
{"frame":23,"values":[0.5928,0.2702,0.7587,0,-0.4013,0.9158,-0.0126,0,-0.6982,-0.297,0.6513,0,0,0.4448,0,1]},
{"frame":24,"values":[0.6132,0.2177,0.7593,0,-0.3234,0.9462,-0.0101,0,-0.7207,-0.2394,0.6506,0,0,0.4448,0,1]},
{"frame":25,"values":[0.6285,0.1665,0.7598,0,-0.2473,0.9689,-0.0078,0,-0.7375,-0.1831,0.6501,0,0,0.4448,0,1]},
{"frame":26,"values":[0.6387,0.1195,0.7601,0,-0.1775,0.9841,-0.0056,0,-0.7487,-0.1313,0.6497,0,0,0.4448,0,1]},
{"frame":27,"values":[0.6447,0.079,0.7603,0,-0.1173,0.9931,-0.0037,0,-0.7554,-0.0868,0.6495,0,0,0.4448,0,1]},
{"frame":28,"values":[0.6478,0.0467,0.7604,0,-0.0693,0.9976,-0.0022,0,-0.7587,-0.0513,0.6494,0,0,0.4448,0,1]},
{"frame":29,"values":[0.649,0.0234,0.7605,0,-0.0348,0.9994,-0.0011,0,-0.76,-0.0257,0.6494,0,0,0.4448,0,1]},
{"frame":30,"values":[0.6493,0.0095,0.7605,0,-0.0141,0.9999,-0.0004,0,-0.7604,-0.0105,0.6494,0,0,0.4448,0,1]},
{"frame":31,"values":[0.6494,0.0049,0.7605,0,-0.0073,1,-0.0002,0,-0.7604,-0.0054,0.6494,0,0,0.4448,0,1]},
{"frame":32,"values":[0.6493,0.0095,0.7605,0,-0.0141,0.9999,-0.0004,0,-0.7604,-0.0105,0.6494,0,0,0.4448,0,1]},
{"frame":33,"values":[0.649,0.0234,0.7605,0,-0.0347,0.9994,-0.0011,0,-0.76,-0.0257,0.6494,0,0,0.4448,0,1]},
{"frame":34,"values":[0.6478,0.0465,0.7604,0,-0.0691,0.9976,-0.0022,0,-0.7587,-0.0512,0.6494,0,0,0.4448,0,1]},
{"frame":35,"values":[0.6448,0.0785,0.7603,0,-0.1167,0.9932,-0.0037,0,-0.7554,-0.0864,0.6495,0,0,0.4448,0,1]},
{"frame":36,"values":[0.6389,0.1183,0.7601,0,-0.1758,0.9844,-0.0055,0,-0.7489,-0.1301,0.6497,0,0,0.4448,0,1]},
{"frame":37,"values":[0.6291,0.164,0.7598,0,-0.2436,0.9698,-0.0076,0,-0.7382,-0.1803,0.6501,0,0,0.4448,0,1]},
{"frame":38,"values":[0.6148,0.2129,0.7594,0,-0.3163,0.9486,-0.0099,0,-0.7225,-0.2341,0.6506,0,0,0.4448,0,1]},
{"frame":39,"values":[0.5963,0.262,0.7588,0,-0.3892,0.9211,-0.0122,0,-0.7021,-0.288,0.6512,0,0,0.4448,0,1]},
{"frame":40,"values":[0.5747,0.3082,0.7581,0,-0.4577,0.889,-0.0143,0,-0.6784,-0.3388,0.6519,0,0,0.4448,0,1]},
{"frame":41,"values":[0.5519,0.3489,0.7574,0,-0.5183,0.8551,-0.0162,0,-0.6533,-0.3836,0.6527,0,0,0.4448,0,1]},
{"frame":42,"values":[0.53,0.3827,0.7567,0,-0.5684,0.8226,-0.0178,0,-0.6293,-0.4207,0.6535,0,0,0.4448,0,1]},
{"frame":43,"values":[0.5111,0.4086,0.7561,0,-0.607,0.7945,-0.019,0,-0.6085,-0.4493,0.6541,0,0,0.4448,0,1]},
{"frame":44,"values":[0.4967,0.4268,0.7557,0,-0.634,0.7731,-0.0199,0,-0.5927,-0.4693,0.6546,0,0,0.4448,0,1]},
{"frame":45,"values":[0.4878,0.4375,0.7554,0,-0.6498,0.7598,-0.0204,0,-0.5829,-0.4809,0.6549,0,0,0.4448,0,1]},
{"frame":46,"values":[0.4849,0.4409,0.7553,0,-0.655,0.7554,-0.0205,0,-0.5796,-0.4848,0.655,0,0,0.4448,0,1]},
{"frame":47,"values":[0.4883,0.4369,0.7554,0,-0.649,0.7605,-0.0203,0,-0.5834,-0.4804,0.6549,0,0,0.4448,0,1]},
{"frame":48,"values":[0.4985,0.4247,0.7557,0,-0.6309,0.7756,-0.0198,0,-0.5946,-0.4669,0.6546,0,0,0.4448,0,1]},
{"frame":49,"values":[0.5149,0.4037,0.7563,0,-0.5997,0.8,-0.0188,0,-0.6126,-0.4439,0.654,0,0,0.4448,0,1]},
{"frame":50,"values":[0.5361,0.3738,0.7569,0,-0.5552,0.8315,-0.0174,0,-0.6359,-0.4109,0.6533,0,0,0.4448,0,1]},
{"frame":51,"values":[0.56,0.3351,0.7577,0,-0.4978,0.8672,-0.0156,0,-0.6623,-0.3684,0.6525,0,0,0.4448,0,1]},
{"frame":52,"values":[0.5842,0.2889,0.7584,0,-0.4291,0.9031,-0.0134,0,-0.6888,-0.3176,0.6516,0,0,0.4448,0,1]},
{"frame":53,"values":[0.606,0.2376,0.7591,0,-0.353,0.9356,-0.0111,0,-0.7128,-0.2613,0.6509,0,0,0.4448,0,1]},
{"frame":54,"values":[0.6235,0.1847,0.7597,0,-0.2744,0.9616,-0.0086,0,-0.7321,-0.2031,0.6503,0,0,0.4448,0,1]},
{"frame":55,"values":[0.6359,0.1341,0.76,0,-0.1992,0.9799,-0.0062,0,-0.7456,-0.1474,0.6498,0,0,0.4448,0,1]},
{"frame":56,"values":[0.6434,0.0892,0.7603,0,-0.1325,0.9912,-0.0042,0,-0.7539,-0.098,0.6496,0,0,0.4448,0,1]},
{"frame":57,"values":[0.6473,0.0527,0.7604,0,-0.0782,0.9969,-0.0025,0,-0.7582,-0.0579,0.6494,0,0,0.4448,0,1]},
{"frame":58,"values":[0.6489,0.0261,0.7605,0,-0.0388,0.9992,-0.0012,0,-0.7599,-0.0287,0.6494,0,0,0.4448,0,1]},
{"frame":59,"values":[0.6493,0.0102,0.7605,0,-0.0151,0.9999,-0.0005,0,-0.7604,-0.0112,0.6494,0,0,0.4448,0,1]},
{"frame":60,"values":[0.6494,0.0049,0.7605,0,-0.0073,1,-0.0002,0,-0.7604,-0.0054,0.6494,0,0,0.4448,0,1]}],"loopBehavior":1,"name":"anim","property":"_matrix"}},
{"name":"Bone.008","index":8,"matrix":[0.0238,-0.0864,-0.996,0,0.0767,0.9935,-0.0843,0,0.9968,-0.0744,0.0303,0,0,2.0707,0,1],"rest":[0.0178,0.1445,-0.9893,0,-0.1283,0.9816,0.1411,0,0.9916,0.1244,0.036,0,0,2.0707,0,1],"parentBoneIndex":7,"length":0.3948
,"animation":{"dataType":3,"framePerSecond":24,"keys":[
{"frame":1,"values":[0.0263,-0.0421,-0.9988,0,0.0374,0.9985,-0.0411,0,0.999,-0.0363,0.0279,0,0,2.0707,0,1]},
{"frame":16,"values":[0.0263,-0.0425,-0.9988,0,0.0377,0.9984,-0.0415,0,0.9989,-0.0366,0.0279,0,0,2.0707,0,1]},
{"frame":17,"values":[0.0263,-0.0437,-0.9987,0,0.0388,0.9983,-0.0426,0,0.9989,-0.0376,0.0279,0,0,2.0707,0,1]},
{"frame":18,"values":[0.0262,-0.0456,-0.9986,0,0.0405,0.9982,-0.0445,0,0.9988,-0.0393,0.028,0,0,2.0707,0,1]},
{"frame":19,"values":[0.0261,-0.0483,-0.9985,0,0.0429,0.998,-0.0472,0,0.9987,-0.0416,0.0281,0,0,2.0707,0,1]},
{"frame":20,"values":[0.0259,-0.0517,-0.9983,0,0.0459,0.9977,-0.0504,0,0.9986,-0.0445,0.0282,0,0,2.0707,0,1]},
{"frame":21,"values":[0.0257,-0.0556,-0.9981,0,0.0494,0.9973,-0.0543,0,0.9984,-0.0479,0.0284,0,0,2.0707,0,1]},
{"frame":22,"values":[0.0255,-0.0599,-0.9979,0,0.0532,0.9969,-0.0585,0,0.9983,-0.0516,0.0286,0,0,2.0707,0,1]},
{"frame":23,"values":[0.0253,-0.0645,-0.9976,0,0.0573,0.9964,-0.063,0,0.998,-0.0555,0.0289,0,0,2.0707,0,1]},
{"frame":24,"values":[0.025,-0.069,-0.9973,0,0.0613,0.9958,-0.0674,0,0.9978,-0.0595,0.0291,0,0,2.0707,0,1]},
{"frame":25,"values":[0.0247,-0.0734,-0.997,0,0.0651,0.9953,-0.0716,0,0.9976,-0.0632,0.0294,0,0,2.0707,0,1]},
{"frame":26,"values":[0.0245,-0.0773,-0.9967,0,0.0686,0.9948,-0.0755,0,0.9973,-0.0666,0.0296,0,0,2.0707,0,1]},
{"frame":27,"values":[0.0242,-0.0806,-0.9964,0,0.0716,0.9943,-0.0787,0,0.9971,-0.0695,0.0299,0,0,2.0707,0,1]},
{"frame":28,"values":[0.024,-0.0833,-0.9962,0,0.074,0.9939,-0.0813,0,0.997,-0.0718,0.03,0,0,2.0707,0,1]},
{"frame":29,"values":[0.0239,-0.0853,-0.9961,0,0.0757,0.9936,-0.0832,0,0.9968,-0.0734,0.0302,0,0,2.0707,0,1]},
{"frame":30,"values":[0.0238,-0.0864,-0.996,0,0.0767,0.9935,-0.0844,0,0.9968,-0.0744,0.0303,0,0,2.0707,0,1]},
{"frame":31,"values":[0.0238,-0.0868,-0.9959,0,0.0771,0.9934,-0.0848,0,0.9967,-0.0748,0.0303,0,0,2.0707,0,1]},
{"frame":32,"values":[0.0238,-0.0864,-0.996,0,0.0767,0.9935,-0.0843,0,0.9968,-0.0744,0.0303,0,0,2.0707,0,1]},
{"frame":33,"values":[0.0239,-0.085,-0.9961,0,0.0755,0.9937,-0.083,0,0.9969,-0.0732,0.0302,0,0,2.0707,0,1]},
{"frame":34,"values":[0.0241,-0.0828,-0.9963,0,0.0736,0.994,-0.0809,0,0.997,-0.0713,0.03,0,0,2.0707,0,1]},
{"frame":35,"values":[0.0243,-0.0798,-0.9965,0,0.0709,0.9944,-0.0779,0,0.9972,-0.0687,0.0298,0,0,2.0707,0,1]},
{"frame":36,"values":[0.0245,-0.076,-0.9968,0,0.0675,0.995,-0.0742,0,0.9974,-0.0655,0.0296,0,0,2.0707,0,1]},
{"frame":37,"values":[0.0248,-0.0717,-0.9971,0,0.0636,0.9955,-0.07,0,0.9977,-0.0617,0.0293,0,0,2.0707,0,1]},
{"frame":38,"values":[0.0251,-0.0669,-0.9974,0,0.0594,0.9961,-0.0653,0,0.9979,-0.0576,0.029,0,0,2.0707,0,1]},
{"frame":39,"values":[0.0254,-0.0621,-0.9977,0,0.0551,0.9966,-0.0606,0,0.9982,-0.0534,0.0287,0,0,2.0707,0,1]},
{"frame":40,"values":[0.0257,-0.0573,-0.998,0,0.0509,0.9971,-0.0559,0,0.9984,-0.0493,0.0285,0,0,2.0707,0,1]},
{"frame":41,"values":[0.0259,-0.0529,-0.9983,0,0.047,0.9976,-0.0517,0,0.9986,-0.0456,0.0283,0,0,2.0707,0,1]},
{"frame":42,"values":[0.026,-0.0491,-0.9985,0,0.0436,0.9979,-0.048,0,0.9987,-0.0423,0.0281,0,0,2.0707,0,1]},
{"frame":43,"values":[0.0262,-0.0461,-0.9986,0,0.0409,0.9981,-0.045,0,0.9988,-0.0397,0.028,0,0,2.0707,0,1]},
{"frame":44,"values":[0.0263,-0.0439,-0.9987,0,0.039,0.9983,-0.0428,0,0.9989,-0.0378,0.0279,0,0,2.0707,0,1]},
{"frame":45,"values":[0.0263,-0.0426,-0.9987,0,0.0378,0.9984,-0.0415,0,0.9989,-0.0366,0.0279,0,0,2.0707,0,1]},
{"frame":46,"values":[0.0263,-0.0421,-0.9988,0,0.0374,0.9985,-0.0411,0,0.999,-0.0363,0.0279,0,0,2.0707,0,1]},
{"frame":47,"values":[0.0263,-0.0426,-0.9987,0,0.0378,0.9984,-0.0416,0,0.9989,-0.0367,0.0279,0,0,2.0707,0,1]},
{"frame":48,"values":[0.0262,-0.0441,-0.9987,0,0.0392,0.9983,-0.0431,0,0.9989,-0.038,0.0279,0,0,2.0707,0,1]},
{"frame":49,"values":[0.0261,-0.0467,-0.9986,0,0.0415,0.9981,-0.0456,0,0.9988,-0.0402,0.028,0,0,2.0707,0,1]},
{"frame":50,"values":[0.026,-0.0502,-0.9984,0,0.0445,0.9978,-0.049,0,0.9987,-0.0432,0.0282,0,0,2.0707,0,1]},
{"frame":51,"values":[0.0258,-0.0544,-0.9982,0,0.0483,0.9974,-0.0531,0,0.9985,-0.0469,0.0284,0,0,2.0707,0,1]},
{"frame":52,"values":[0.0256,-0.0593,-0.9979,0,0.0527,0.9969,-0.0579,0,0.9983,-0.0511,0.0286,0,0,2.0707,0,1]},
{"frame":53,"values":[0.0253,-0.0645,-0.9976,0,0.0573,0.9964,-0.063,0,0.998,-0.0555,0.0289,0,0,2.0707,0,1]},
{"frame":54,"values":[0.025,-0.0697,-0.9973,0,0.0619,0.9958,-0.068,0,0.9978,-0.06,0.0292,0,0,2.0707,0,1]},
{"frame":55,"values":[0.0246,-0.0745,-0.9969,0,0.0662,0.9952,-0.0728,0,0.9975,-0.0642,0.0295,0,0,2.0707,0,1]},
{"frame":56,"values":[0.0243,-0.0788,-0.9966,0,0.07,0.9946,-0.0769,0,0.9973,-0.0679,0.0297,0,0,2.0707,0,1]},
{"frame":57,"values":[0.0241,-0.0823,-0.9963,0,0.0731,0.9941,-0.0803,0,0.997,-0.0708,0.03,0,0,2.0707,0,1]},
{"frame":58,"values":[0.0239,-0.0848,-0.9961,0,0.0753,0.9937,-0.0828,0,0.9969,-0.073,0.0301,0,0,2.0707,0,1]},
{"frame":59,"values":[0.0238,-0.0863,-0.996,0,0.0766,0.9935,-0.0843,0,0.9968,-0.0743,0.0303,0,0,2.0707,0,1]},
{"frame":60,"values":[0.0238,-0.0868,-0.9959,0,0.0771,0.9934,-0.0848,0,0.9967,-0.0748,0.0303,0,0,2.0707,0,1]}],"loopBehavior":1,"name":"anim","property":"_matrix"}},
{"name":"Bone.009","index":9,"matrix":[0.9052,0.0276,-0.424,0,-0.0489,0.998,-0.0395,0,0.4221,0.0564,0.9048,0,0,0.3948,0,1],"rest":[0.8715,0.1876,-0.453,0,-0.3449,0.8913,-0.2944,0,0.3485,0.4128,0.8415,0,0,0.3948,0,1],"parentBoneIndex":8,"length":0.4281
,"animation":{"dataType":3,"framePerSecond":24,"keys":[
{"frame":1,"values":[0.9053,0.0267,-0.4239,0,-0.0472,0.9982,-0.038,0,0.4222,0.0544,0.9049,0,0,0.3948,0,1]},
{"frame":2,"values":[0.9053,0.0267,-0.4239,0,-0.0472,0.9982,-0.038,0,0.4222,0.0545,0.9049,0,0,0.3948,0,1]},
{"frame":3,"values":[0.9053,0.0267,-0.4239,0,-0.0473,0.9982,-0.0381,0,0.4221,0.0545,0.9049,0,0,0.3948,0,1]},
{"frame":4,"values":[0.9053,0.0268,-0.4239,0,-0.0474,0.9981,-0.0382,0,0.4221,0.0547,0.9049,0,0,0.3948,0,1]},
{"frame":5,"values":[0.9053,0.0269,-0.424,0,-0.0476,0.9981,-0.0383,0,0.4221,0.0548,0.9049,0,0,0.3948,0,1]},
{"frame":6,"values":[0.9053,0.027,-0.424,0,-0.0477,0.9981,-0.0385,0,0.4221,0.0551,0.9049,0,0,0.3948,0,1]},
{"frame":7,"values":[0.9053,0.0271,-0.424,0,-0.0479,0.9981,-0.0386,0,0.4221,0.0553,0.9049,0,0,0.3948,0,1]},
{"frame":8,"values":[0.9053,0.0272,-0.424,0,-0.0481,0.9981,-0.0388,0,0.4221,0.0555,0.9048,0,0,0.3948,0,1]},
{"frame":9,"values":[0.9053,0.0273,-0.424,0,-0.0483,0.9981,-0.039,0,0.4221,0.0558,0.9048,0,0,0.3948,0,1]},
{"frame":10,"values":[0.9053,0.0273,-0.424,0,-0.0485,0.9981,-0.0391,0,0.4221,0.0559,0.9048,0,0,0.3948,0,1]},
{"frame":11,"values":[0.9053,0.0274,-0.424,0,-0.0486,0.998,-0.0392,0,0.4221,0.0561,0.9048,0,0,0.3948,0,1]},
{"frame":12,"values":[0.9053,0.0275,-0.424,0,-0.0487,0.998,-0.0393,0,0.4221,0.0562,0.9048,0,0,0.3948,0,1]},
{"frame":13,"values":[0.9053,0.0275,-0.424,0,-0.0488,0.998,-0.0394,0,0.4221,0.0563,0.9048,0,0,0.3948,0,1]},
{"frame":14,"values":[0.9053,0.0276,-0.424,0,-0.0489,0.998,-0.0394,0,0.4221,0.0564,0.9048,0,0,0.3948,0,1]},
{"frame":15,"values":[0.9052,0.0276,-0.424,0,-0.0489,0.998,-0.0395,0,0.4221,0.0564,0.9048,0,0,0.3948,0,1]},
{"frame":33,"values":[0.9052,0.0276,-0.424,0,-0.0489,0.998,-0.0394,0,0.4221,0.0564,0.9048,0,0,0.3948,0,1]},
{"frame":34,"values":[0.9053,0.0276,-0.424,0,-0.0489,0.998,-0.0394,0,0.4221,0.0564,0.9048,0,0,0.3948,0,1]},
{"frame":35,"values":[0.9053,0.0276,-0.424,0,-0.0488,0.998,-0.0394,0,0.4221,0.0564,0.9048,0,0,0.3948,0,1]},
{"frame":36,"values":[0.9053,0.0275,-0.424,0,-0.0488,0.998,-0.0394,0,0.4221,0.0564,0.9048,0,0,0.3948,0,1]},
{"frame":37,"values":[0.9053,0.0275,-0.424,0,-0.0488,0.998,-0.0394,0,0.4221,0.0563,0.9048,0,0,0.3948,0,1]},
{"frame":38,"values":[0.9053,0.0275,-0.424,0,-0.0487,0.998,-0.0393,0,0.4221,0.0563,0.9048,0,0,0.3948,0,1]},
{"frame":39,"values":[0.9053,0.0275,-0.424,0,-0.0487,0.998,-0.0393,0,0.4221,0.0562,0.9048,0,0,0.3948,0,1]},
{"frame":42,"values":[0.9053,0.0274,-0.424,0,-0.0486,0.998,-0.0392,0,0.4221,0.0561,0.9048,0,0,0.3948,0,1]},
{"frame":51,"values":[0.9053,0.0275,-0.424,0,-0.0487,0.998,-0.0393,0,0.4221,0.0562,0.9048,0,0,0.3948,0,1]},
{"frame":53,"values":[0.9053,0.0275,-0.424,0,-0.0487,0.998,-0.0393,0,0.4221,0.0563,0.9048,0,0,0.3948,0,1]},
{"frame":54,"values":[0.9053,0.0275,-0.424,0,-0.0488,0.998,-0.0394,0,0.4221,0.0563,0.9048,0,0,0.3948,0,1]},
{"frame":56,"values":[0.9053,0.0275,-0.424,0,-0.0488,0.998,-0.0394,0,0.4221,0.0564,0.9048,0,0,0.3948,0,1]},
{"frame":57,"values":[0.9053,0.0276,-0.424,0,-0.0489,0.998,-0.0394,0,0.4221,0.0564,0.9048,0,0,0.3948,0,1]},
{"frame":58,"values":[0.9052,0.0276,-0.424,0,-0.0489,0.998,-0.0394,0,0.4221,0.0564,0.9048,0,0,0.3948,0,1]},
{"frame":59,"values":[0.9052,0.0276,-0.424,0,-0.0489,0.998,-0.0395,0,0.4221,0.0564,0.9048,0,0,0.3948,0,1]},
{"frame":60,"values":[0.9052,0.0276,-0.424,0,-0.0489,0.998,-0.0395,0,0.4221,0.0564,0.9048,0,0,0.3948,0,1]}],"loopBehavior":1,"name":"anim","property":"_matrix"}},
{"name":"Bone.010","index":10,"matrix":[0.9925,0.0208,-0.1202,0,-0.0287,0.9975,-0.0641,0,0.1185,0.067,0.9907,0,0,0.4281,0,1],"rest":[0.9916,0.0416,-0.1223,0,-0.0573,0.9902,-0.1277,0,0.1158,0.1336,0.9842,0,0,0.4281,0,1],"parentBoneIndex":9,"length":0.5247
,"animation":{"dataType":3,"framePerSecond":24,"keys":[
{"frame":1,"values":[0.9916,0.0416,-0.1223,0,-0.0573,0.9902,-0.1277,0,0.1158,0.1336,0.9842,0,0,0.4281,0,1]},
{"frame":2,"values":[0.9917,0.0408,-0.1222,0,-0.0561,0.9906,-0.1251,0,0.1159,0.1309,0.9846,0,0,0.4281,0,1]},
