{"producer":{"name":"Blender","version":"2.78 (sub 0)","exporter_version":"4.6.1","file":"char.babylon"},
"autoClear":true,"clearColor":[0.0509,0.0509,0.0509],"ambientColor":[0,0,0],"gravity":[0,-9.81,0],
"materials":[{"name":"char.leonmesh_16","id":"char.leonmesh_16","ambient":[0,0,0],"diffuse":[0.8,0.8,0.8],"specular":[1,1,1],"emissive":[0,0,0],"specularPower":64,"alpha":1,"backFaceCulling":true,"checkReadyOnlyOnce":false, 
"bumpTexture":{"name":"char_leonmesh_16_NORMALS.jpg","level":1,"hasAlpha":0,"coordinatesMode":0,"uOffset":0,"vOffset":0,"uScale":1,"vScale":1,"uAng":0,"vAng":0,"wAng":0,"wrapU":0,"wrapV":0,"coordinatesIndex":0}}],
"multiMaterials":[],
"skeletons":[{"name":"Armature","id":0,"dimensionsAtRest":[2.5393,6.6792,2.3373],"bones":[
{"name":"Bone","index":0,"matrix":[1,-0.0035,-0.0027,0,0.0039,0.9833,0.1818,0,-0.002,0.1818,-0.9833,0,0,4.352,0.5458,1],"rest":[1,-0.0035,-0.0027,0,0.0039,0.9833,0.1818,0,-0.002,0.1818,-0.9833,0,0,4.352,0.5458,1],"parentBoneIndex":-1,"length":1.1749
,"animation":{"dataType":3,"framePerSecond":24,"keys":[
{"frame":1,"values":[1,-0.0035,-0.0027,0,0.0039,0.9833,0.1818,0,-0.002,0.1818,-0.9833,0,0,4.352,0.5458,1]},
{"frame":75,"values":[1,-0.0035,-0.0027,0,0.0039,0.9833,0.1818,0,-0.002,0.1818,-0.9833,0,0,4.352,0.5458,1]},
{"frame":81,"values":[1,-0.0035,-0.0027,0,0.0039,0.9833,0.1818,0,-0.002,0.1818,-0.9833,0,0,4.352,0.5458,1]},
{"frame":155,"values":[1,-0.0035,-0.0027,0,0.0039,0.9833,0.1818,0,-0.002,0.1818,-0.9833,0,0,4.352,0.5458,1]}],"loopBehavior":1,"name":"anim","property":"_matrix"}},
{"name":"Bone.001","index":1,"matrix":[-0.9138,0.1733,-0.3674,0,-0.0322,0.8708,0.4906,0,0.405,0.4601,-0.7901,0,0,1.1749,0,1],"rest":[-0.8665,0.2174,-0.4493,0,0.0022,0.9018,0.4321,0,0.4991,0.3734,-0.7819,0,0,1.1749,0,1],"parentBoneIndex":0,"length":0.7214
,"animation":{"dataType":3,"framePerSecond":24,"keys":[
{"frame":1,"values":[-0.9138,0.1733,-0.3674,0,-0.0322,0.8708,0.4906,0,0.405,0.4601,-0.7901,0,0,1.1749,0,1]},
{"frame":75,"values":[-0.9138,0.1733,-0.3674,0,-0.0322,0.8708,0.4906,0,0.405,0.4601,-0.7901,0,0,1.1749,0,1]},
{"frame":81,"values":[-0.9138,0.1733,-0.3674,0,-0.0322,0.8708,0.4906,0,0.405,0.4601,-0.7901,0,0,1.1749,0,1]},
{"frame":155,"values":[-0.9138,0.1733,-0.3674,0,-0.0322,0.8708,0.4906,0,0.405,0.4601,-0.7901,0,0,1.1749,0,1]}],"loopBehavior":1,"name":"anim","property":"_matrix"}},
{"name":"Bone.002","index":2,"matrix":[0.8988,-0.0072,-0.4384,0,-0.0784,0.9811,-0.1768,0,0.4314,0.1932,0.8812,0,0,0.7214,0,1],"rest":[0.8988,-0.0072,-0.4384,0,-0.0784,0.9811,-0.1768,0,0.4314,0.1932,0.8812,0,0,0.7214,0,1],"parentBoneIndex":1,"length":0.24
,"animation":{"dataType":3,"framePerSecond":24,"keys":[
{"frame":1,"values":[0.8988,-0.0072,-0.4384,0,-0.0784,0.9811,-0.1768,0,0.4314,0.1932,0.8812,0,0,0.7214,0,1]},
{"frame":75,"values":[0.8988,-0.0072,-0.4384,0,-0.0784,0.9811,-0.1768,0,0.4314,0.1932,0.8812,0,0,0.7214,0,1]},
{"frame":81,"values":[0.8988,-0.0072,-0.4384,0,-0.0784,0.9811,-0.1768,0,0.4314,0.1932,0.8812,0,0,0.7214,0,1]},
{"frame":155,"values":[0.8988,-0.0072,-0.4384,0,-0.0784,0.9811,-0.1768,0,0.4314,0.1932,0.8812,0,0,0.7214,0,1]}],"loopBehavior":1,"name":"anim","property":"_matrix"}},
{"name":"Bone.003","index":3,"matrix":[0.9962,-0.0044,-0.0865,0,0.011,0.9971,0.0757,0,0.0859,-0.0764,0.9934,0,0,0.24,0,1],"rest":[0.997,0.0218,-0.0738,0,-0.0114,0.9903,0.1383,0,0.0761,-0.1371,0.9876,0,0,0.24,0,1],"parentBoneIndex":2,"length":0.5478
,"animation":{"dataType":3,"framePerSecond":24,"keys":[
{"frame":1,"values":[0.9962,-0.0044,-0.0865,0,0.011,0.9971,0.0757,0,0.0859,-0.0764,0.9934,0,0,0.24,0,1]},
{"frame":75,"values":[0.9962,-0.0044,-0.0865,0,0.011,0.9971,0.0757,0,0.0859,-0.0764,0.9934,0,0,0.24,0,1]},
{"frame":81,"values":[0.9962,-0.0044,-0.0865,0,0.011,0.9971,0.0757,0,0.0859,-0.0764,0.9934,0,0,0.24,0,1]},
{"frame":155,"values":[0.9962,-0.0044,-0.0865,0,0.011,0.9971,0.0757,0,0.0859,-0.0764,0.9934,0,0,0.24,0,1]}],"loopBehavior":1,"name":"anim","property":"_matrix"}},
{"name":"Bone.006","index":4,"matrix":[-0.4837,0.2609,-0.8355,0,-0.8738,-0.0892,0.478,0,0.0502,0.9612,0.2711,0,0,0.7214,0,1],"rest":[-0.4837,0.2609,-0.8355,0,-0.8738,-0.0892,0.478,0,0.0502,0.9612,0.2711,0,0,0.7214,0,1],"parentBoneIndex":1,"length":0.7265
,"animation":{"dataType":3,"framePerSecond":24,"keys":[
{"frame":1,"values":[-0.4837,0.2609,-0.8355,0,-0.8738,-0.0892,0.478,0,0.0502,0.9612,0.2711,0,0,0.7214,0,1]},
{"frame":75,"values":[-0.4837,0.2609,-0.8355,0,-0.8738,-0.0892,0.478,0,0.0502,0.9612,0.2711,0,0,0.7214,0,1]},
{"frame":81,"values":[-0.4837,0.2609,-0.8355,0,-0.8738,-0.0892,0.478,0,0.0502,0.9612,0.2711,0,0,0.7214,0,1]},
{"frame":155,"values":[-0.4837,0.2609,-0.8355,0,-0.8738,-0.0892,0.478,0,0.0502,0.9612,0.2711,0,0,0.7214,0,1]}],"loopBehavior":1,"name":"anim","property":"_matrix"}},
{"name":"Bone.007","index":5,"matrix":[0.7333,0.4778,0.4836,0,0.3719,0.3137,-0.8737,0,-0.5692,0.8206,0.0523,0,0,0.7265,0,1],"rest":[0.9985,-0.0546,0.0039,0,0.0548,0.9962,-0.0679,0,-0.0002,0.068,0.9977,0,0,0.7265,0,1],"parentBoneIndex":4,"length":0.9602
,"animation":{"dataType":3,"framePerSecond":24,"keys":[
{"frame":1,"values":[0.7333,0.4778,0.4836,0,0.3719,0.3137,-0.8737,0,-0.5692,0.8206,0.0523,0,0,0.7265,0,1]},
{"frame":2,"values":[0.7365,0.4781,0.4785,0,0.3651,0.3146,-0.8762,0,-0.5694,0.82,0.0571,0,0,0.7265,0,1]},
{"frame":3,"values":[0.7458,0.479,0.4629,0,0.3446,0.3173,-0.8835,0,-0.5701,0.8185,0.0716,0,0,0.7265,0,1]},
{"frame":4,"values":[0.7606,0.4807,0.4363,0,0.3099,0.3217,-0.8947,0,-0.5704,0.8158,0.0957,0,0,0.7265,0,1]},
{"frame":5,"values":[0.7794,0.4832,0.3989,0,0.2615,0.3277,-0.9079,0,-0.5694,0.8119,0.129,0,0,0.7265,0,1]},
{"frame":6,"values":[0.7999,0.4868,0.3512,0,0.2005,0.3347,-0.9207,0,-0.5657,0.8069,0.1701,0,0,0.7265,0,1]},
{"frame":7,"values":[0.8195,0.4913,0.2951,0,0.1299,0.3423,-0.9306,0,-0.5582,0.8009,0.2167,0,0,0.7265,0,1]},
{"frame":8,"values":[0.8358,0.4968,0.2338,0,0.0537,0.3498,-0.9353,0,-0.5464,0.7942,0.2657,0,0,0.7265,0,1]},
{"frame":9,"values":[0.8472,0.5028,0.1715,0,-0.0226,0.3567,-0.9339,0,-0.5308,0.7874,0.3136,0,0,0.7265,0,1]},
{"frame":10,"values":[0.8534,0.5089,0.1126,0,-0.0938,0.3625,-0.9273,0,-0.5127,0.7808,0.3571,0,0,0.7265,0,1]},
{"frame":11,"values":[0.8552,0.5146,0.0609,0,-0.1555,0.367,-0.9171,0,-0.4943,0.7749,0.3939,0,0,0.7265,0,1]},
{"frame":12,"values":[0.8543,0.5195,0.0192,0,-0.2048,0.3703,-0.9061,0,-0.4778,0.7701,0.4227,0,0,0.7265,0,1]},
{"frame":13,"values":[0.8522,0.5231,-0.0109,0,-0.2401,0.3724,-0.8965,0,-0.4649,0.7666,0.443,0,0,0.7265,0,1]},
{"frame":14,"values":[0.8504,0.5253,-0.029,0,-0.2611,0.3736,-0.8901,0,-0.4567,0.7645,0.4549,0,0,0.7265,0,1]},
{"frame":15,"values":[0.8497,0.526,-0.0349,0,-0.268,0.374,-0.8879,0,-0.454,0.7638,0.4588,0,0,0.7265,0,1]},
{"frame":16,"values":[0.8503,0.5254,-0.0297,0,-0.262,0.3737,-0.8898,0,-0.4564,0.7644,0.4554,0,0,0.7265,0,1]},
{"frame":17,"values":[0.8519,0.5235,-0.0141,0,-0.2437,0.3726,-0.8954,0,-0.4635,0.7663,0.445,0,0,0.7265,0,1]},
{"frame":18,"values":[0.8539,0.5203,0.0122,0,-0.213,0.3708,-0.904,0,-0.4749,0.7693,0.4274,0,0,0.7265,0,1]},
{"frame":19,"values":[0.8552,0.516,0.0487,0,-0.17,0.368,-0.9142,0,-0.4897,0.7735,0.4024,0,0,0.7265,0,1]},
{"frame":20,"values":[0.8544,0.5109,0.0944,0,-0.1156,0.3641,-0.9241,0,-0.5065,0.7787,0.3702,0,0,0.7265,0,1]},
{"frame":21,"values":[0.8503,0.5053,0.1473,0,-0.052,0.3592,-0.9318,0,-0.5237,0.7847,0.3317,0,0,0.7265,0,1]},
{"frame":22,"values":[0.8418,0.4996,0.2046,0,0.0178,0.3532,-0.9354,0,-0.5395,0.791,0.2884,0,0,0.7265,0,1]},
{"frame":23,"values":[0.8287,0.4941,0.2628,0,0.0896,0.3464,-0.9338,0,-0.5525,0.7974,0.2428,0,0,0.7265,0,1]},
{"frame":24,"values":[0.8119,0.4894,0.3183,0,0.159,0.3393,-0.9272,0,-0.5617,0.8034,0.1976,0,0,0.7265,0,1]},
{"frame":25,"values":[0.793,0.4855,0.3681,0,0.2221,0.3323,-0.9167,0,-0.5673,0.8087,0.1557,0,0,0.7265,0,1]},
{"frame":26,"values":[0.7741,0.4824,0.4099,0,0.2757,0.326,-0.9043,0,-0.5699,0.813,0.1193,0,0,0.7265,0,1]},
{"frame":27,"values":[0.7573,0.4803,0.4425,0,0.318,0.3207,-0.8922,0,-0.5704,0.8164,0.0901,0,0,0.7265,0,1]},
{"frame":28,"values":[0.7443,0.4789,0.4656,0,0.3481,0.3168,-0.8823,0,-0.57,0.8187,0.0691,0,0,0.7265,0,1]},
{"frame":29,"values":[0.7361,0.4781,0.4792,0,0.366,0.3144,-0.8759,0,-0.5694,0.8201,0.0565,0,0,0.7265,0,1]},
{"frame":30,"values":[0.7333,0.4778,0.4836,0,0.3719,0.3137,-0.8737,0,-0.5692,0.8206,0.0523,0,0,0.7265,0,1]},
{"frame":31,"values":[0.7403,0.4762,0.4746,0,0.3592,0.3166,-0.8779,0,-0.5683,0.8204,0.0633,0,0,0.7265,0,1]},
{"frame":32,"values":[0.7607,0.4715,0.4461,0,0.32,0.3255,-0.8897,0,-0.5647,0.8196,0.0967,0,0,0.7265,0,1]},
{"frame":33,"values":[0.7926,0.4641,0.3955,0,0.2522,0.3411,-0.9056,0,-0.5552,0.8175,0.1533,0,0,0.7265,0,1]},
{"frame":34,"values":[0.8312,0.4552,0.3193,0,0.1537,0.3637,-0.9187,0,-0.5343,0.8127,0.2323,0,0,0.7265,0,1]},
{"frame":35,"values":[0.8686,0.4465,0.2151,0,0.0255,0.3931,-0.9191,0,-0.4949,0.8038,0.3301,0,0,0.7265,0,1]},
{"frame":36,"values":[0.8937,0.4406,0.0847,0,-0.1262,0.428,-0.8949,0,-0.4305,0.7891,0.4381,0,0,0.7265,0,1]},
{"frame":37,"values":[0.8958,0.4399,-0.0635,0,-0.2878,0.4652,-0.8371,0,-0.3388,0.7682,0.5433,0,0,0.7265,0,1]},
{"frame":38,"values":[0.8689,0.4459,-0.2147,0,-0.4409,0.5004,-0.7451,0,-0.2248,0.7421,0.6315,0,0,0.7265,0,1]},
{"frame":39,"values":[0.8161,0.4579,-0.3526,0,-0.5691,0.53,-0.6287,0,-0.1011,0.7137,0.6931,0,0,0.7265,0,1]},
{"frame":40,"values":[0.7477,0.4735,-0.4655,0,-0.6638,0.5519,-0.5048,0,0.0179,0.6865,0.7269,0,0,0.7265,0,1]},
{"frame":41,"values":[0.6769,0.4897,-0.5495,0,-0.7262,0.5663,-0.3899,0,0.1203,0.663,0.7389,0,0,0.7265,0,1]},
{"frame":42,"values":[0.6146,0.504,-0.6069,0,-0.7631,0.5749,-0.2953,0,0.2001,0.6446,0.7379,0,0,0.7265,0,1]},
{"frame":43,"values":[0.5673,0.5148,-0.6428,0,-0.7828,0.5795,-0.2268,0,0.2557,0.6318,0.7317,0,0,0.7265,0,1]},
{"frame":44,"values":[0.5384,0.5214,-0.662,0,-0.7919,0.5816,-0.186,0,0.288,0.6244,0.726,0,0,0.7265,0,1]},
{"frame":45,"values":[0.5288,0.5236,-0.668,0,-0.7945,0.5822,-0.1726,0,0.2985,0.622,0.7239,0,0,0.7265,0,1]},
{"frame":46,"values":[0.5381,0.5223,-0.6615,0,-0.7929,0.5799,-0.1871,0,0.2859,0.6252,0.7262,0,0,0.7265,0,1]},
{"frame":47,"values":[0.5659,0.5188,-0.6407,0,-0.7866,0.5725,-0.2312,0,0.2469,0.6349,0.7321,0,0,0.7265,0,1]},
{"frame":48,"values":[0.6113,0.5138,-0.602,0,-0.7709,0.5587,-0.3059,0,0.1792,0.651,0.7376,0,0,0.7265,0,1]},
{"frame":49,"values":[0.6708,0.5087,-0.5397,0,-0.7372,0.537,-0.4101,0,0.0812,0.673,0.7352,0,0,0.7265,0,1]},
{"frame":50,"values":[0.7367,0.5061,-0.4486,0,-0.6747,0.5054,-0.5379,0,-0.0455,0.6989,0.7138,0,0,0.7265,0,1]},
{"frame":51,"values":[0.7965,0.5091,-0.3263,0,-0.5731,0.4636,-0.6757,0,-0.1927,0.7252,0.661,0,0,0.7265,0,1]},
{"frame":52,"values":[0.835,0.5203,-0.1788,0,-0.4297,0.4137,-0.8026,0,-0.3436,0.7471,0.569,0,0,0.7265,0,1]},
{"frame":53,"values":[0.8412,0.5403,-0.0212,0,-0.2545,0.361,-0.8972,0,-0.4771,0.7601,0.4412,0,0,0.7265,0,1]},
{"frame":54,"values":[0.8142,0.5666,0.127,0,-0.0694,0.3121,-0.9475,0,-0.5764,0.7626,0.2934,0,0,0.7265,0,1]},
{"frame":55,"values":[0.764,0.5947,0.2503,0,0.1019,0.2718,-0.9569,0,-0.6371,0.7566,0.1471,0,0,0.7265,0,1]},
{"frame":56,"values":[0.7052,0.6206,0.3427,0,0.2435,0.242,-0.9392,0,-0.6659,0.7458,0.0196,0,0,0.7265,0,1]},
{"frame":57,"values":[0.6507,0.6416,0.4061,0,0.3494,0.2219,-0.9103,0,-0.6742,0.7342,-0.0798,0,0,0.7265,0,1]},
{"frame":58,"values":[0.6084,0.6566,0.4458,0,0.4208,0.2094,-0.8827,0,-0.6729,0.7246,-0.1489,0,0,0.7265,0,1]},
{"frame":59,"values":[0.5822,0.6655,0.4671,0,0.4613,0.2027,-0.8638,0,-0.6695,0.7183,-0.189,0,0,0.7265,0,1]},
{"frame":60,"values":[0.5734,0.6684,0.4737,0,0.4743,0.2007,-0.8572,0,-0.668,0.7162,-0.2019,0,0,0.7265,0,1]},
{"frame":61,"values":[0.5822,0.6655,0.4671,0,0.4613,0.2027,-0.8638,0,-0.6695,0.7183,-0.189,0,0,0.7265,0,1]},
{"frame":62,"values":[0.6084,0.6566,0.4458,0,0.4208,0.2094,-0.8827,0,-0.6729,0.7246,-0.1489,0,0,0.7265,0,1]},
{"frame":63,"values":[0.6507,0.6416,0.4061,0,0.3494,0.2219,-0.9103,0,-0.6742,0.7342,-0.0798,0,0,0.7265,0,1]},
{"frame":64,"values":[0.7052,0.6206,0.3427,0,0.2435,0.242,-0.9392,0,-0.6659,0.7458,0.0196,0,0,0.7265,0,1]},
{"frame":65,"values":[0.764,0.5947,0.2503,0,0.1019,0.2718,-0.9569,0,-0.6371,0.7566,0.1471,0,0,0.7265,0,1]},
{"frame":66,"values":[0.8142,0.5666,0.127,0,-0.0694,0.3121,-0.9475,0,-0.5764,0.7626,0.2934,0,0,0.7265,0,1]},
{"frame":67,"values":[0.8412,0.5403,-0.0212,0,-0.2545,0.361,-0.8972,0,-0.4771,0.7601,0.4412,0,0,0.7265,0,1]},
{"frame":68,"values":[0.835,0.5203,-0.1788,0,-0.4297,0.4137,-0.8026,0,-0.3436,0.7471,0.569,0,0,0.7265,0,1]},
{"frame":69,"values":[0.7965,0.5091,-0.3263,0,-0.5731,0.4636,-0.6757,0,-0.1927,0.7252,0.661,0,0,0.7265,0,1]},
{"frame":70,"values":[0.7367,0.5061,-0.4486,0,-0.6747,0.5054,-0.5379,0,-0.0455,0.6989,0.7138,0,0,0.7265,0,1]},
{"frame":71,"values":[0.6708,0.5087,-0.5397,0,-0.7372,0.537,-0.4101,0,0.0812,0.673,0.7352,0,0,0.7265,0,1]},
{"frame":72,"values":[0.6113,0.5138,-0.602,0,-0.7709,0.5587,-0.3059,0,0.1792,0.651,0.7376,0,0,0.7265,0,1]},
{"frame":73,"values":[0.5659,0.5188,-0.6407,0,-0.7866,0.5725,-0.2312,0,0.2469,0.6349,0.7321,0,0,0.7265,0,1]},
{"frame":74,"values":[0.5381,0.5223,-0.6615,0,-0.7929,0.5799,-0.1871,0,0.2859,0.6252,0.7262,0,0,0.7265,0,1]},
{"frame":75,"values":[0.5288,0.5236,-0.668,0,-0.7945,0.5822,-0.1726,0,0.2985,0.622,0.7239,0,0,0.7265,0,1]},
{"frame":81,"values":[0.7333,0.4778,0.4836,0,0.3719,0.3137,-0.8737,0,-0.5692,0.8206,0.0523,0,0,0.7265,0,1]},
{"frame":82,"values":[0.7365,0.4781,0.4785,0,0.3651,0.3146,-0.8762,0,-0.5694,0.82,0.0571,0,0,0.7265,0,1]},
{"frame":83,"values":[0.7458,0.479,0.4629,0,0.3446,0.3173,-0.8835,0,-0.5701,0.8185,0.0716,0,0,0.7265,0,1]},
{"frame":84,"values":[0.7606,0.4807,0.4363,0,0.3099,0.3217,-0.8947,0,-0.5704,0.8158,0.0957,0,0,0.7265,0,1]},
{"frame":85,"values":[0.7794,0.4832,0.3989,0,0.2615,0.3277,-0.9079,0,-0.5694,0.8119,0.129,0,0,0.7265,0,1]},
{"frame":86,"values":[0.7999,0.4868,0.3512,0,0.2005,0.3347,-0.9207,0,-0.5657,0.8069,0.1701,0,0,0.7265,0,1]},
{"frame":87,"values":[0.8195,0.4913,0.2951,0,0.1299,0.3423,-0.9306,0,-0.5582,0.8009,0.2167,0,0,0.7265,0,1]},
{"frame":88,"values":[0.8358,0.4968,0.2338,0,0.0537,0.3498,-0.9353,0,-0.5464,0.7942,0.2657,0,0,0.7265,0,1]},
{"frame":89,"values":[0.8472,0.5028,0.1715,0,-0.0226,0.3567,-0.9339,0,-0.5308,0.7874,0.3136,0,0,0.7265,0,1]},
{"frame":90,"values":[0.8534,0.5089,0.1126,0,-0.0938,0.3625,-0.9273,0,-0.5127,0.7808,0.3571,0,0,0.7265,0,1]},
{"frame":91,"values":[0.8552,0.5146,0.0609,0,-0.1555,0.367,-0.9171,0,-0.4943,0.7749,0.3939,0,0,0.7265,0,1]},
{"frame":92,"values":[0.8543,0.5195,0.0192,0,-0.2048,0.3703,-0.9061,0,-0.4778,0.7701,0.4227,0,0,0.7265,0,1]},
{"frame":93,"values":[0.8522,0.5231,-0.0109,0,-0.2401,0.3724,-0.8965,0,-0.4649,0.7666,0.443,0,0,0.7265,0,1]},
{"frame":94,"values":[0.8504,0.5253,-0.029,0,-0.2611,0.3736,-0.8901,0,-0.4567,0.7645,0.4549,0,0,0.7265,0,1]},
{"frame":95,"values":[0.8497,0.526,-0.0349,0,-0.268,0.374,-0.8879,0,-0.454,0.7638,0.4588,0,0,0.7265,0,1]},
{"frame":96,"values":[0.8503,0.5254,-0.0297,0,-0.262,0.3737,-0.8898,0,-0.4564,0.7644,0.4554,0,0,0.7265,0,1]},
{"frame":97,"values":[0.8519,0.5235,-0.0141,0,-0.2437,0.3726,-0.8954,0,-0.4635,0.7663,0.445,0,0,0.7265,0,1]},
{"frame":98,"values":[0.8539,0.5203,0.0122,0,-0.213,0.3708,-0.904,0,-0.4749,0.7693,0.4274,0,0,0.7265,0,1]},
{"frame":99,"values":[0.8552,0.516,0.0487,0,-0.17,0.368,-0.9142,0,-0.4897,0.7735,0.4024,0,0,0.7265,0,1]},
{"frame":100,"values":[0.8544,0.5109,0.0944,0,-0.1156,0.3641,-0.9241,0,-0.5065,0.7787,0.3702,0,0,0.7265,0,1]},
{"frame":101,"values":[0.8503,0.5053,0.1473,0,-0.052,0.3592,-0.9318,0,-0.5237,0.7847,0.3317,0,0,0.7265,0,1]},
{"frame":102,"values":[0.8418,0.4996,0.2046,0,0.0178,0.3532,-0.9354,0,-0.5395,0.791,0.2884,0,0,0.7265,0,1]},
{"frame":103,"values":[0.8287,0.4941,0.2628,0,0.0896,0.3464,-0.9338,0,-0.5525,0.7974,0.2428,0,0,0.7265,0,1]},
{"frame":104,"values":[0.8119,0.4894,0.3183,0,0.159,0.3393,-0.9272,0,-0.5617,0.8034,0.1976,0,0,0.7265,0,1]},
{"frame":105,"values":[0.793,0.4855,0.3681,0,0.2221,0.3323,-0.9167,0,-0.5673,0.8087,0.1557,0,0,0.7265,0,1]},
{"frame":106,"values":[0.7741,0.4824,0.4099,0,0.2757,0.326,-0.9043,0,-0.5699,0.813,0.1193,0,0,0.7265,0,1]},
{"frame":107,"values":[0.7573,0.4803,0.4425,0,0.318,0.3207,-0.8922,0,-0.5704,0.8164,0.0901,0,0,0.7265,0,1]},
{"frame":108,"values":[0.7443,0.4789,0.4656,0,0.3481,0.3168,-0.8823,0,-0.57,0.8187,0.0691,0,0,0.7265,0,1]},
{"frame":109,"values":[0.7361,0.4781,0.4792,0,0.366,0.3144,-0.8759,0,-0.5694,0.8201,0.0565,0,0,0.7265,0,1]},
{"frame":110,"values":[0.7333,0.4778,0.4836,0,0.3719,0.3137,-0.8737,0,-0.5692,0.8206,0.0523,0,0,0.7265,0,1]},
{"frame":111,"values":[0.7403,0.4762,0.4746,0,0.3592,0.3166,-0.8779,0,-0.5683,0.8204,0.0633,0,0,0.7265,0,1]},
{"frame":112,"values":[0.7607,0.4715,0.4461,0,0.32,0.3255,-0.8897,0,-0.5647,0.8196,0.0967,0,0,0.7265,0,1]},
{"frame":113,"values":[0.7926,0.4641,0.3955,0,0.2522,0.3411,-0.9056,0,-0.5552,0.8175,0.1533,0,0,0.7265,0,1]},
{"frame":114,"values":[0.8312,0.4552,0.3193,0,0.1537,0.3637,-0.9187,0,-0.5343,0.8127,0.2323,0,0,0.7265,0,1]},
{"frame":115,"values":[0.8686,0.4465,0.2151,0,0.0255,0.3931,-0.9191,0,-0.4949,0.8038,0.3301,0,0,0.7265,0,1]},
{"frame":116,"values":[0.8937,0.4406,0.0847,0,-0.1262,0.428,-0.8949,0,-0.4305,0.7891,0.4381,0,0,0.7265,0,1]},
{"frame":117,"values":[0.8958,0.4399,-0.0635,0,-0.2878,0.4652,-0.8371,0,-0.3388,0.7682,0.5433,0,0,0.7265,0,1]},
{"frame":118,"values":[0.8689,0.4459,-0.2147,0,-0.4409,0.5004,-0.7451,0,-0.2248,0.7421,0.6315,0,0,0.7265,0,1]},
{"frame":119,"values":[0.8161,0.4579,-0.3526,0,-0.5691,0.53,-0.6287,0,-0.1011,0.7137,0.6931,0,0,0.7265,0,1]},
{"frame":120,"values":[0.7477,0.4735,-0.4655,0,-0.6638,0.5519,-0.5048,0,0.0179,0.6865,0.7269,0,0,0.7265,0,1]},
{"frame":121,"values":[0.6769,0.4897,-0.5495,0,-0.7262,0.5663,-0.3899,0,0.1203,0.663,0.7389,0,0,0.7265,0,1]},
{"frame":122,"values":[0.6146,0.504,-0.6069,0,-0.7631,0.5749,-0.2953,0,0.2001,0.6446,0.7379,0,0,0.7265,0,1]},
{"frame":123,"values":[0.5673,0.5148,-0.6428,0,-0.7828,0.5795,-0.2268,0,0.2557,0.6318,0.7317,0,0,0.7265,0,1]},
{"frame":124,"values":[0.5384,0.5214,-0.662,0,-0.7919,0.5816,-0.186,0,0.288,0.6244,0.726,0,0,0.7265,0,1]},
{"frame":125,"values":[0.5288,0.5236,-0.668,0,-0.7945,0.5822,-0.1726,0,0.2985,0.622,0.7239,0,0,0.7265,0,1]},
{"frame":126,"values":[0.5381,0.5223,-0.6615,0,-0.7929,0.5799,-0.1871,0,0.2859,0.6252,0.7262,0,0,0.7265,0,1]},
{"frame":127,"values":[0.5659,0.5188,-0.6407,0,-0.7866,0.5725,-0.2312,0,0.2469,0.6349,0.7321,0,0,0.7265,0,1]},
{"frame":128,"values":[0.6113,0.5138,-0.602,0,-0.7709,0.5587,-0.3059,0,0.1792,0.651,0.7376,0,0,0.7265,0,1]},
{"frame":129,"values":[0.6708,0.5087,-0.5397,0,-0.7372,0.537,-0.4101,0,0.0812,0.673,0.7352,0,0,0.7265,0,1]},
{"frame":130,"values":[0.7367,0.5061,-0.4486,0,-0.6747,0.5054,-0.5379,0,-0.0455,0.6989,0.7138,0,0,0.7265,0,1]},
{"frame":131,"values":[0.7965,0.5091,-0.3263,0,-0.5731,0.4636,-0.6757,0,-0.1927,0.7252,0.661,0,0,0.7265,0,1]},
{"frame":132,"values":[0.835,0.5203,-0.1788,0,-0.4297,0.4137,-0.8026,0,-0.3436,0.7471,0.569,0,0,0.7265,0,1]},
{"frame":133,"values":[0.8412,0.5403,-0.0212,0,-0.2545,0.361,-0.8972,0,-0.4771,0.7601,0.4412,0,0,0.7265,0,1]},
{"frame":134,"values":[0.8142,0.5666,0.127,0,-0.0694,0.3121,-0.9475,0,-0.5764,0.7626,0.2934,0,0,0.7265,0,1]},
{"frame":135,"values":[0.764,0.5947,0.2503,0,0.1019,0.2718,-0.9569,0,-0.6371,0.7566,0.1471,0,0,0.7265,0,1]},
{"frame":136,"values":[0.7052,0.6206,0.3427,0,0.2435,0.242,-0.9392,0,-0.6659,0.7458,0.0196,0,0,0.7265,0,1]},
{"frame":137,"values":[0.6507,0.6416,0.4061,0,0.3494,0.2219,-0.9103,0,-0.6742,0.7342,-0.0798,0,0,0.7265,0,1]},
{"frame":138,"values":[0.6084,0.6566,0.4458,0,0.4208,0.2094,-0.8827,0,-0.6729,0.7246,-0.1489,0,0,0.7265,0,1]},
{"frame":139,"values":[0.5822,0.6655,0.4671,0,0.4613,0.2027,-0.8638,0,-0.6695,0.7183,-0.189,0,0,0.7265,0,1]},
{"frame":140,"values":[0.5734,0.6684,0.4737,0,0.4743,0.2007,-0.8572,0,-0.668,0.7162,-0.2019,0,0,0.7265,0,1]},
{"frame":141,"values":[0.5822,0.6655,0.4671,0,0.4613,0.2027,-0.8638,0,-0.6695,0.7183,-0.189,0,0,0.7265,0,1]},
{"frame":142,"values":[0.6084,0.6566,0.4458,0,0.4208,0.2094,-0.8827,0,-0.6729,0.7246,-0.1489,0,0,0.7265,0,1]},
{"frame":143,"values":[0.6507,0.6416,0.4061,0,0.3494,0.2219,-0.9103,0,-0.6742,0.7342,-0.0798,0,0,0.7265,0,1]},
{"frame":144,"values":[0.7052,0.6206,0.3427,0,0.2435,0.242,-0.9392,0,-0.6659,0.7458,0.0196,0,0,0.7265,0,1]},
{"frame":145,"values":[0.764,0.5947,0.2503,0,0.1019,0.2718,-0.9569,0,-0.6371,0.7566,0.1471,0,0,0.7265,0,1]},
{"frame":146,"values":[0.8142,0.5666,0.127,0,-0.0694,0.3121,-0.9475,0,-0.5764,0.7626,0.2934,0,0,0.7265,0,1]},
{"frame":147,"values":[0.8412,0.5403,-0.0212,0,-0.2545,0.361,-0.8972,0,-0.4771,0.7601,0.4412,0,0,0.7265,0,1]},
{"frame":148,"values":[0.835,0.5203,-0.1788,0,-0.4297,0.4137,-0.8026,0,-0.3436,0.7471,0.569,0,0,0.7265,0,1]},
{"frame":149,"values":[0.7965,0.5091,-0.3263,0,-0.5731,0.4636,-0.6757,0,-0.1927,0.7252,0.661,0,0,0.7265,0,1]},
{"frame":150,"values":[0.7367,0.5061,-0.4486,0,-0.6747,0.5054,-0.5379,0,-0.0455,0.6989,0.7138,0,0,0.7265,0,1]},
{"frame":151,"values":[0.6708,0.5087,-0.5397,0,-0.7372,0.537,-0.4101,0,0.0812,0.673,0.7352,0,0,0.7265,0,1]},
{"frame":152,"values":[0.6113,0.5138,-0.602,0,-0.7709,0.5587,-0.3059,0,0.1792,0.651,0.7376,0,0,0.7265,0,1]},
{"frame":153,"values":[0.5659,0.5188,-0.6407,0,-0.7866,0.5725,-0.2312,0,0.2469,0.6349,0.7321,0,0,0.7265,0,1]},
{"frame":154,"values":[0.5381,0.5223,-0.6615,0,-0.7929,0.5799,-0.1871,0,0.2859,0.6252,0.7262,0,0,0.7265,0,1]},
{"frame":155,"values":[0.5288,0.5236,-0.668,0,-0.7945,0.5822,-0.1726,0,0.2985,0.622,0.7239,0,0,0.7265,0,1]}],"loopBehavior":1,"name":"anim","property":"_matrix"}},
{"name":"Bone.008","index":6,"matrix":[0.8207,-0.3217,-0.4723,0,0.1618,0.9235,-0.3479,0,0.548,0.2091,0.8099,0,0,0.9602,0,1],"rest":[0.9993,-0.0359,-0.0126,0,0.0372,0.9912,0.1269,0,0.008,-0.1273,0.9918,0,0,0.9602,0,1],"parentBoneIndex":5,"length":1.0245
,"animation":{"dataType":3,"framePerSecond":24,"keys":[
{"frame":1,"values":[0.8207,-0.3217,-0.4723,0,0.1618,0.9235,-0.3479,0,0.548,0.2091,0.8099,0,0,0.9602,0,1]},
{"frame":2,"values":[0.8203,-0.3267,-0.4694,0,0.1663,0.9216,-0.3508,0,0.5472,0.2097,0.8103,0,0,0.9602,0,1]},
{"frame":3,"values":[0.819,-0.3418,-0.4609,0,0.1799,0.9157,-0.3595,0,0.5449,0.2115,0.8114,0,0,0.9602,0,1]},
{"frame":4,"values":[0.8163,-0.3667,-0.4462,0,0.2024,0.9052,-0.3736,0,0.5409,0.2147,0.8132,0,0,0.9602,0,1]},
{"frame":5,"values":[0.8116,-0.4005,-0.4254,0,0.2334,0.8897,-0.3924,0,0.5356,0.2192,0.8155,0,0,0.9602,0,1]},
{"frame":6,"values":[0.804,-0.4413,-0.3987,0,0.2713,0.8687,-0.4144,0,0.5292,0.225,0.8181,0,0,0.9602,0,1]},
{"frame":7,"values":[0.793,-0.4865,-0.3668,0,0.3142,0.8423,-0.438,0,0.522,0.2321,0.8208,0,0,0.9602,0,1]},
{"frame":8,"values":[0.7785,-0.533,-0.3314,0,0.3592,0.8114,-0.4611,0,0.5147,0.24,0.8231,0,0,0.9602,0,1]},
{"frame":9,"values":[0.7614,-0.5774,-0.2947,0,0.4032,0.7778,-0.4822,0,0.5076,0.2483,0.825,0,0,0.9602,0,1]},
{"frame":10,"values":[0.7429,-0.6172,-0.2592,0,0.4436,0.7439,-0.4999,0,0.5013,0.2564,0.8264,0,0,0.9602,0,1]},
{"frame":11,"values":[0.7249,-0.6503,-0.2273,0,0.478,0.7124,-0.5137,0,0.496,0.2637,0.8273,0,0,0.9602,0,1]},
{"frame":12,"values":[0.709,-0.6759,-0.2011,0,0.5052,0.6858,-0.5238,0,0.4919,0.2698,0.8278,0,0,0.9602,0,1]},
{"frame":13,"values":[0.6969,-0.6938,-0.1818,0,0.5246,0.6659,-0.5305,0,0.4891,0.2743,0.828,0,0,0.9602,0,1]},
{"frame":14,"values":[0.6893,-0.7043,-0.1701,0,0.5361,0.6536,-0.5342,0,0.4874,0.277,0.8281,0,0,0.9602,0,1]},
{"frame":15,"values":[0.6867,-0.7077,-0.1662,0,0.5398,0.6496,-0.5354,0,0.4869,0.2779,0.8281,0,0,0.9602,0,1]},
{"frame":16,"values":[0.6889,-0.7047,-0.1696,0,0.5365,0.6531,-0.5344,0,0.4873,0.2772,0.8281,0,0,0.9602,0,1]},
{"frame":17,"values":[0.6956,-0.6956,-0.1798,0,0.5266,0.6638,-0.5311,0,0.4888,0.2748,0.828,0,0,0.9602,0,1]},
{"frame":18,"values":[0.7063,-0.6801,-0.1966,0,0.5097,0.6813,-0.5254,0,0.4913,0.2708,0.8278,0,0,0.9602,0,1]},
{"frame":19,"values":[0.7204,-0.6579,-0.2197,0,0.486,0.7048,-0.5168,0,0.4948,0.2655,0.8274,0,0,0.9602,0,1]},
{"frame":20,"values":[0.7368,-0.629,-0.248,0,0.4558,0.733,-0.5049,0,0.4994,0.2589,0.8268,0,0,0.9602,0,1]},
{"frame":21,"values":[0.7541,-0.594,-0.2802,0,0.42,0.7641,-0.4897,0,0.505,0.2516,0.8256,0,0,0.9602,0,1]},
{"frame":22,"values":[0.7708,-0.5541,-0.3143,0,0.38,0.7959,-0.4713,0,0.5113,0.2438,0.8241,0,0,0.9602,0,1]},
{"frame":23,"values":[0.7857,-0.5113,-0.3482,0,0.3381,0.8263,-0.4505,0,0.5181,0.2362,0.8221,0,0,0.9602,0,1]},
{"frame":24,"values":[0.7978,-0.4681,-0.3801,0,0.2966,0.8535,-0.4285,0,0.5249,0.2291,0.8197,0,0,0.9602,0,1]},
{"frame":25,"values":[0.8069,-0.427,-0.4082,0,0.258,0.8763,-0.4068,0,0.5314,0.2229,0.8173,0,0,0.9602,0,1]},
{"frame":26,"values":[0.8131,-0.3907,-0.4315,0,0.2244,0.8944,-0.387,0,0.5372,0.2178,0.8149,0,0,0.9602,0,1]},
{"frame":27,"values":[0.817,-0.361,-0.4496,0,0.1972,0.9077,-0.3704,0,0.5418,0.2139,0.8128,0,0,0.9602,0,1]},
{"frame":28,"values":[0.8193,-0.3392,-0.4623,0,0.1775,0.9167,-0.358,0,0.5453,0.2112,0.8112,0,0,0.9602,0,1]},
{"frame":29,"values":[0.8204,-0.326,-0.4698,0,0.1657,0.9218,-0.3504,0,0.5473,0.2096,0.8102,0,0,0.9602,0,1]},
{"frame":30,"values":[0.8207,-0.3217,-0.4723,0,0.1618,0.9235,-0.3479,0,0.548,0.2091,0.8099,0,0,0.9602,0,1]},
{"frame":31,"values":[0.8204,-0.326,-0.4698,0,0.1657,0.9218,-0.3504,0,0.5473,0.2096,0.8102,0,0,0.9602,0,1]},
{"frame":32,"values":[0.8193,-0.3392,-0.4623,0,0.1775,0.9167,-0.358,0,0.5453,0.2112,0.8112,0,0,0.9602,0,1]},
{"frame":33,"values":[0.817,-0.361,-0.4496,0,0.1972,0.9077,-0.3704,0,0.5418,0.2139,0.8128,0,0,0.9602,0,1]},
{"frame":34,"values":[0.8131,-0.3907,-0.4315,0,0.2244,0.8944,-0.387,0,0.5372,0.2178,0.8149,0,0,0.9602,0,1]},
{"frame":35,"values":[0.8069,-0.427,-0.4082,0,0.258,0.8763,-0.4068,0,0.5314,0.2229,0.8173,0,0,0.9602,0,1]},
{"frame":36,"values":[0.7978,-0.4681,-0.3801,0,0.2966,0.8535,-0.4285,0,0.5249,0.2291,0.8197,0,0,0.9602,0,1]},
{"frame":37,"values":[0.7857,-0.5113,-0.3482,0,0.3381,0.8263,-0.4505,0,0.5181,0.2362,0.8221,0,0,0.9602,0,1]},
{"frame":38,"values":[0.7708,-0.5541,-0.3143,0,0.38,0.7959,-0.4713,0,0.5113,0.2438,0.8241,0,0,0.9602,0,1]},
{"frame":39,"values":[0.7541,-0.594,-0.2802,0,0.42,0.7641,-0.4897,0,0.505,0.2516,0.8256,0,0,0.9602,0,1]},
{"frame":40,"values":[0.7368,-0.629,-0.248,0,0.4558,0.733,-0.5049,0,0.4994,0.2589,0.8268,0,0,0.9602,0,1]},
{"frame":41,"values":[0.7204,-0.6579,-0.2197,0,0.486,0.7048,-0.5168,0,0.4948,0.2655,0.8274,0,0,0.9602,0,1]},
{"frame":42,"values":[0.7063,-0.6801,-0.1966,0,0.5097,0.6813,-0.5254,0,0.4913,0.2708,0.8278,0,0,0.9602,0,1]},
{"frame":43,"values":[0.6956,-0.6956,-0.1798,0,0.5266,0.6638,-0.5311,0,0.4888,0.2748,0.828,0,0,0.9602,0,1]},
{"frame":44,"values":[0.6889,-0.7047,-0.1696,0,0.5365,0.6531,-0.5344,0,0.4873,0.2772,0.8281,0,0,0.9602,0,1]},
{"frame":45,"values":[0.6867,-0.7077,-0.1662,0,0.5398,0.6496,-0.5354,0,0.4869,0.2779,0.8281,0,0,0.9602,0,1]},
{"frame":75,"values":[0.6867,-0.7077,-0.1662,0,0.5398,0.6496,-0.5354,0,0.4869,0.2779,0.8281,0,0,0.9602,0,1]},
{"frame":81,"values":[0.8207,-0.3217,-0.4723,0,0.1618,0.9235,-0.3479,0,0.548,0.2091,0.8099,0,0,0.9602,0,1]},
{"frame":82,"values":[0.8203,-0.3267,-0.4694,0,0.1663,0.9216,-0.3508,0,0.5472,0.2097,0.8103,0,0,0.9602,0,1]},
{"frame":83,"values":[0.819,-0.3418,-0.4609,0,0.1799,0.9157,-0.3595,0,0.5449,0.2115,0.8114,0,0,0.9602,0,1]},
{"frame":84,"values":[0.8163,-0.3667,-0.4462,0,0.2024,0.9052,-0.3736,0,0.5409,0.2147,0.8132,0,0,0.9602,0,1]},
{"frame":85,"values":[0.8116,-0.4005,-0.4254,0,0.2334,0.8897,-0.3924,0,0.5356,0.2192,0.8155,0,0,0.9602,0,1]},
{"frame":86,"values":[0.804,-0.4413,-0.3987,0,0.2713,0.8687,-0.4144,0,0.5292,0.225,0.8181,0,0,0.9602,0,1]},
{"frame":87,"values":[0.793,-0.4865,-0.3668,0,0.3142,0.8423,-0.438,0,0.522,0.2321,0.8208,0,0,0.9602,0,1]},
{"frame":88,"values":[0.7785,-0.533,-0.3314,0,0.3592,0.8114,-0.4611,0,0.5147,0.24,0.8231,0,0,0.9602,0,1]},
{"frame":89,"values":[0.7614,-0.5774,-0.2947,0,0.4032,0.7778,-0.4822,0,0.5076,0.2483,0.825,0,0,0.9602,0,1]},
{"frame":90,"values":[0.7429,-0.6172,-0.2592,0,0.4436,0.7439,-0.4999,0,0.5013,0.2564,0.8264,0,0,0.9602,0,1]},
{"frame":91,"values":[0.7249,-0.6503,-0.2273,0,0.478,0.7124,-0.5137,0,0.496,0.2637,0.8273,0,0,0.9602,0,1]},
{"frame":92,"values":[0.709,-0.6759,-0.2011,0,0.5052,0.6858,-0.5238,0,0.4919,0.2698,0.8278,0,0,0.9602,0,1]},
{"frame":93,"values":[0.6969,-0.6938,-0.1818,0,0.5246,0.6659,-0.5305,0,0.4891,0.2743,0.828,0,0,0.9602,0,1]},
{"frame":94,"values":[0.6893,-0.7043,-0.1701,0,0.5361,0.6536,-0.5342,0,0.4874,0.277,0.8281,0,0,0.9602,0,1]},
{"frame":95,"values":[0.6867,-0.7077,-0.1662,0,0.5398,0.6496,-0.5354,0,0.4869,0.2779,0.8281,0,0,0.9602,0,1]},
{"frame":96,"values":[0.6889,-0.7047,-0.1696,0,0.5365,0.6531,-0.5344,0,0.4873,0.2772,0.8281,0,0,0.9602,0,1]},
{"frame":97,"values":[0.6956,-0.6956,-0.1798,0,0.5266,0.6638,-0.5311,0,0.4888,0.2748,0.828,0,0,0.9602,0,1]},
{"frame":98,"values":[0.7063,-0.6801,-0.1966,0,0.5097,0.6813,-0.5254,0,0.4913,0.2708,0.8278,0,0,0.9602,0,1]},
{"frame":99,"values":[0.7204,-0.6579,-0.2197,0,0.486,0.7048,-0.5168,0,0.4948,0.2655,0.8274,0,0,0.9602,0,1]},
{"frame":100,"values":[0.7368,-0.629,-0.248,0,0.4558,0.733,-0.5049,0,0.4994,0.2589,0.8268,0,0,0.9602,0,1]},
{"frame":101,"values":[0.7541,-0.594,-0.2802,0,0.42,0.7641,-0.4897,0,0.505,0.2516,0.8256,0,0,0.9602,0,1]},
{"frame":102,"values":[0.7708,-0.5541,-0.3143,0,0.38,0.7959,-0.4713,0,0.5113,0.2438,0.8241,0,0,0.9602,0,1]},
{"frame":103,"values":[0.7857,-0.5113,-0.3482,0,0.3381,0.8263,-0.4505,0,0.5181,0.2362,0.8221,0,0,0.9602,0,1]},
{"frame":104,"values":[0.7978,-0.4681,-0.3801,0,0.2966,0.8535,-0.4285,0,0.5249,0.2291,0.8197,0,0,0.9602,0,1]},
{"frame":105,"values":[0.8069,-0.427,-0.4082,0,0.258,0.8763,-0.4068,0,0.5314,0.2229,0.8173,0,0,0.9602,0,1]},
{"frame":106,"values":[0.8131,-0.3907,-0.4315,0,0.2244,0.8944,-0.387,0,0.5372,0.2178,0.8149,0,0,0.9602,0,1]},
{"frame":107,"values":[0.817,-0.361,-0.4496,0,0.1972,0.9077,-0.3704,0,0.5418,0.2139,0.8128,0,0,0.9602,0,1]},
{"frame":108,"values":[0.8193,-0.3392,-0.4623,0,0.1775,0.9167,-0.358,0,0.5453,0.2112,0.8112,0,0,0.9602,0,1]},
{"frame":109,"values":[0.8204,-0.326,-0.4698,0,0.1657,0.9218,-0.3504,0,0.5473,0.2096,0.8102,0,0,0.9602,0,1]},
{"frame":110,"values":[0.8207,-0.3217,-0.4723,0,0.1618,0.9235,-0.3479,0,0.548,0.2091,0.8099,0,0,0.9602,0,1]},
{"frame":111,"values":[0.8204,-0.326,-0.4698,0,0.1657,0.9218,-0.3504,0,0.5473,0.2096,0.8102,0,0,0.9602,0,1]},
{"frame":112,"values":[0.8193,-0.3392,-0.4623,0,0.1775,0.9167,-0.358,0,0.5453,0.2112,0.8112,0,0,0.9602,0,1]},
{"frame":113,"values":[0.817,-0.361,-0.4496,0,0.1972,0.9077,-0.3704,0,0.5418,0.2139,0.8128,0,0,0.9602,0,1]},
{"frame":114,"values":[0.8131,-0.3907,-0.4315,0,0.2244,0.8944,-0.387,0,0.5372,0.2178,0.8149,0,0,0.9602,0,1]},
{"frame":115,"values":[0.8069,-0.427,-0.4082,0,0.258,0.8763,-0.4068,0,0.5314,0.2229,0.8173,0,0,0.9602,0,1]},
{"frame":116,"values":[0.7978,-0.4681,-0.3801,0,0.2966,0.8535,-0.4285,0,0.5249,0.2291,0.8197,0,0,0.9602,0,1]},
{"frame":117,"values":[0.7857,-0.5113,-0.3482,0,0.3381,0.8263,-0.4505,0,0.5181,0.2362,0.8221,0,0,0.9602,0,1]},
{"frame":118,"values":[0.7708,-0.5541,-0.3143,0,0.38,0.7959,-0.4713,0,0.5113,0.2438,0.8241,0,0,0.9602,0,1]},
{"frame":119,"values":[0.7541,-0.594,-0.2802,0,0.42,0.7641,-0.4897,0,0.505,0.2516,0.8256,0,0,0.9602,0,1]},
{"frame":120,"values":[0.7368,-0.629,-0.248,0,0.4558,0.733,-0.5049,0,0.4994,0.2589,0.8268,0,0,0.9602,0,1]},
{"frame":121,"values":[0.7204,-0.6579,-0.2197,0,0.486,0.7048,-0.5168,0,0.4948,0.2655,0.8274,0,0,0.9602,0,1]},
{"frame":122,"values":[0.7063,-0.6801,-0.1966,0,0.5097,0.6813,-0.5254,0,0.4913,0.2708,0.8278,0,0,0.9602,0,1]},
{"frame":123,"values":[0.6956,-0.6956,-0.1798,0,0.5266,0.6638,-0.5311,0,0.4888,0.2748,0.828,0,0,0.9602,0,1]},
{"frame":124,"values":[0.6889,-0.7047,-0.1696,0,0.5365,0.6531,-0.5344,0,0.4873,0.2772,0.8281,0,0,0.9602,0,1]},
{"frame":125,"values":[0.6867,-0.7077,-0.1662,0,0.5398,0.6496,-0.5354,0,0.4869,0.2779,0.8281,0,0,0.9602,0,1]},
{"frame":155,"values":[0.6867,-0.7077,-0.1662,0,0.5398,0.6496,-0.5354,0,0.4869,0.2779,0.8281,0,0,0.9602,0,1]}],"loopBehavior":1,"name":"anim","property":"_matrix"}},
{"name":"Bone.009","index":7,"matrix":[0.9971,-0.0456,-0.0617,0,0.0449,0.9989,-0.0129,0,0.0622,0.0101,0.998,0,0,1.0245,0,1],"rest":[0.9971,-0.0456,-0.0617,0,0.0449,0.9989,-0.0129,0,0.0622,0.0101,0.998,0,0,1.0245,0,1],"parentBoneIndex":6,"length":0.2816
,"animation":{"dataType":3,"framePerSecond":24,"keys":[
{"frame":1,"values":[0.9971,-0.0456,-0.0617,0,0.0449,0.9989,-0.0129,0,0.0622,0.0101,0.998,0,0,1.0245,0,1]},
{"frame":75,"values":[0.9971,-0.0456,-0.0617,0,0.0449,0.9989,-0.0129,0,0.0622,0.0101,0.998,0,0,1.0245,0,1]},
{"frame":81,"values":[0.9971,-0.0456,-0.0617,0,0.0449,0.9989,-0.0129,0,0.0622,0.0101,0.998,0,0,1.0245,0,1]},
{"frame":155,"values":[0.9971,-0.0456,-0.0617,0,0.0449,0.9989,-0.0129,0,0.0622,0.0101,0.998,0,0,1.0245,0,1]}],"loopBehavior":1,"name":"anim","property":"_matrix"}},
{"name":"Bone.010","index":8,"matrix":[0.4837,-0.2609,0.8355,0,0.8423,-0.1207,-0.5253,0,0.2379,0.9578,0.1614,0,0,0.7214,0,1],"rest":[0.4837,-0.2609,0.8355,0,0.8423,-0.1207,-0.5253,0,0.2379,0.9578,0.1614,0,0,0.7214,0,1],"parentBoneIndex":1,"length":0.7204
,"animation":{"dataType":3,"framePerSecond":24,"keys":[
{"frame":1,"values":[0.4837,-0.2609,0.8355,0,0.8423,-0.1207,-0.5253,0,0.2379,0.9578,0.1614,0,0,0.7214,0,1]},
{"frame":75,"values":[0.4837,-0.2609,0.8355,0,0.8423,-0.1207,-0.5253,0,0.2379,0.9578,0.1614,0,0,0.7214,0,1]},
{"frame":81,"values":[0.4837,-0.2609,0.8355,0,0.8423,-0.1207,-0.5253,0,0.2379,0.9578,0.1614,0,0,0.7214,0,1]},
{"frame":155,"values":[0.4837,-0.2609,0.8355,0,0.8423,-0.1207,-0.5253,0,0.2379,0.9578,0.1614,0,0,0.7214,0,1]}],"loopBehavior":1,"name":"anim","property":"_matrix"}},
{"name":"Bone.011","index":9,"matrix":[0.9622,0.1211,0.2438,0,0.1568,0.4858,-0.8599,0,-0.2226,0.8656,0.4484,0,0,0.7204,0,1],"rest":[0.9955,0.095,-0.0009,0,-0.095,0.9953,0.017,0,0.0025,-0.0168,0.9999,0,0,0.7204,0,1],"parentBoneIndex":8,"length":0.7426
,"animation":{"dataType":3,"framePerSecond":24,"keys":[
{"frame":1,"values":[0.9622,0.1211,0.2438,0,0.1568,0.4858,-0.8599,0,-0.2226,0.8656,0.4484,0,0,0.7204,0,1]},
{"frame":2,"values":[0.9634,0.122,0.2388,0,0.1517,0.4864,-0.8605,0,-0.2211,0.8652,0.4501,0,0,0.7204,0,1]},
{"frame":3,"values":[0.9667,0.1244,0.2235,0,0.1365,0.4881,-0.8621,0,-0.2164,0.8639,0.4549,0,0,0.7204,0,1]},
{"frame":4,"values":[0.9717,0.1287,0.1979,0,0.111,0.4909,-0.8641,0,-0.2083,0.8617,0.4627,0,0,0.7204,0,1]},
{"frame":5,"values":[0.9775,0.1346,0.1626,0,0.0759,0.4945,-0.8659,0,-0.1969,0.8587,0.4731,0,0,0.7204,0,1]},
{"frame":6,"values":[0.9827,0.1422,0.1187,0,0.0325,0.4987,-0.8662,0,-0.1823,0.8551,0.4854,0,0,0.7204,0,1]},
{"frame":7,"values":[0.9862,0.1511,0.0683,0,-0.0172,0.503,-0.8641,0,-0.1649,0.851,0.4986,0,0,0.7204,0,1]},
{"frame":8,"values":[0.9869,0.1608,0.0146,0,-0.0699,0.507,-0.8591,0,-0.1456,0.8468,0.5116,0,0,0.7204,0,1]},
{"frame":9,"values":[0.9845,0.1709,-0.0391,0,-0.1224,0.5105,-0.8511,0,-0.1255,0.8427,0.5235,0,0,0.7204,0,1]},
{"frame":10,"values":[0.9795,0.1806,-0.0891,0,-0.1711,0.5132,-0.841,0,-0.1061,0.839,0.5336,0,0,0.7204,0,1]},
{"frame":11,"values":[0.9729,0.1892,-0.1327,0,-0.2133,0.5152,-0.8301,0,-0.0887,0.8359,0.5416,0,0,0.7204,0,1]},
{"frame":12,"values":[0.9661,0.1962,-0.1676,0,-0.2471,0.5165,-0.8198,0,-0.0743,0.8335,0.5475,0,0,0.7204,0,1]},
{"frame":13,"values":[0.9603,0.2014,-0.1928,0,-0.2714,0.5173,-0.8116,0,-0.0637,0.8318,0.5515,0,0,0.7204,0,1]},
{"frame":14,"values":[0.9565,0.2045,-0.2079,0,-0.2859,0.5177,-0.8064,0,-0.0573,0.8308,0.5537,0,0,0.7204,0,1]},
{"frame":15,"values":[0.9552,0.2055,-0.2129,0,-0.2907,0.5178,-0.8046,0,-0.0551,0.8304,0.5544,0,0,0.7204,0,1]},
{"frame":16,"values":[0.9564,0.2046,-0.2085,0,-0.2866,0.5177,-0.8061,0,-0.057,0.8307,0.5538,0,0,0.7204,0,1]},
{"frame":17,"values":[0.9597,0.2019,-0.1954,0,-0.2739,0.5174,-0.8107,0,-0.0626,0.8316,0.5519,0,0,0.7204,0,1]},
{"frame":18,"values":[0.9649,0.1974,-0.1735,0,-0.2528,0.5167,-0.818,0,-0.0718,0.8331,0.5485,0,0,0.7204,0,1]},
{"frame":19,"values":[0.9711,0.1912,-0.1429,0,-0.2232,0.5156,-0.8272,0,-0.0845,0.8352,0.5434,0,0,0.7204,0,1]},
{"frame":20,"values":[0.9774,0.1836,-0.1045,0,-0.186,0.514,-0.8374,0,-0.1,0.8379,0.5365,0,0,0.7204,0,1]},
{"frame":21,"values":[0.9828,0.1749,-0.0597,0,-0.1425,0.5117,-0.8473,0,-0.1176,0.8412,0.5278,0,0,0.7204,0,1]},
{"frame":22,"values":[0.9861,0.1655,-0.0107,0,-0.0947,0.5087,-0.8557,0,-0.1362,0.8449,0.5174,0,0,0.7204,0,1]},
{"frame":23,"values":[0.9869,0.1562,0.0399,0,-0.0451,0.5052,-0.8618,0,-0.1548,0.8488,0.5056,0,0,0.7204,0,1]},
{"frame":24,"values":[0.9851,0.1474,0.0891,0,0.0033,0.5013,-0.8653,0,-0.1722,0.8527,0.4933,0,0,0.7204,0,1]},
{"frame":25,"values":[0.9811,0.1395,0.1341,0,0.0478,0.4972,-0.8663,0,-0.1875,0.8563,0.4812,0,0,0.7204,0,1]},
{"frame":26,"values":[0.9759,0.1328,0.1729,0,0.0862,0.4935,-0.8655,0,-0.2003,0.8596,0.4701,0,0,0.7204,0,1]},
{"frame":27,"values":[0.9706,0.1277,0.2039,0,0.1169,0.4902,-0.8637,0,-0.2102,0.8622,0.4609,0,0,0.7204,0,1]},
{"frame":28,"values":[0.9662,0.124,0.2261,0,0.1391,0.4878,-0.8618,0,-0.2172,0.8641,0.454,0,0,0.7204,0,1]},
{"frame":29,"values":[0.9632,0.1218,0.2395,0,0.1524,0.4863,-0.8604,0,-0.2213,0.8653,0.4498,0,0,0.7204,0,1]},
{"frame":30,"values":[0.9622,0.1211,0.2438,0,0.1568,0.4858,-0.8599,0,-0.2226,0.8656,0.4484,0,0,0.7204,0,1]},
{"frame":31,"values":[0.9638,0.1222,0.2371,0,0.15,0.4866,-0.8607,0,-0.2206,0.8651,0.4506,0,0,0.7204,0,1]},
{"frame":32,"values":[0.9682,0.1256,0.2165,0,0.1295,0.4889,-0.8627,0,-0.2142,0.8633,0.457,0,0,0.7204,0,1]},
{"frame":33,"values":[0.9745,0.1313,0.182,0,0.0952,0.4925,-0.8651,0,-0.2032,0.8603,0.4675,0,0,0.7204,0,1]},
{"frame":34,"values":[0.9811,0.1395,0.1338,0,0.0474,0.4973,-0.8663,0,-0.1874,0.8563,0.4813,0,0,0.7204,0,1]},
{"frame":35,"values":[0.9859,0.1502,0.0731,0,-0.0124,0.5026,-0.8644,0,-0.1666,0.8514,0.4974,0,0,0.7204,0,1]},
{"frame":36,"values":[0.9866,0.1631,0.0025,0,-0.0818,0.5079,-0.8575,0,-0.1411,0.8459,0.5144,0,0,0.7204,0,1]},
{"frame":37,"values":[0.9813,0.1777,-0.0744,0,-0.1568,0.5125,-0.8443,0,-0.1119,0.8401,0.5308,0,0,0.7204,0,1]},
{"frame":38,"values":[0.9692,0.1932,-0.1527,0,-0.2328,0.516,-0.8244,0,-0.0805,0.8345,0.5451,0,0,0.7204,0,1]},
{"frame":39,"values":[0.9512,0.2086,-0.2275,0,-0.3048,0.5182,-0.7991,0,-0.0488,0.8295,0.5564,0,0,0.7204,0,1]},
{"frame":40,"values":[0.9293,0.2229,-0.2944,0,-0.3688,0.5191,-0.7711,0,-0.0191,0.8252,0.5646,0,0,0.7204,0,1]},
{"frame":41,"values":[0.9065,0.2354,-0.3505,0,-0.4221,0.519,-0.7433,0,0.007,0.8217,0.5698,0,0,0.7204,0,1]},
{"frame":42,"values":[0.8857,0.2453,-0.3941,0,-0.4634,0.5184,-0.7187,0,0.028,0.8192,0.5728,0,0,0.7204,0,1]},
{"frame":43,"values":[0.8693,0.2525,-0.4249,0,-0.4923,0.5176,-0.6998,0,0.0432,0.8175,0.5743,0,0,0.7204,0,1]},
{"frame":44,"values":[0.859,0.2568,-0.4429,0,-0.5093,0.5171,-0.6879,0,0.0524,0.8165,0.5749,0,0,0.7204,0,1]},
{"frame":45,"values":[0.8555,0.2582,-0.4488,0,-0.5148,0.5169,-0.684,0,0.0554,0.8162,0.5751,0,0,0.7204,0,1]},
{"frame":46,"values":[0.862,0.2531,-0.4392,0,-0.5043,0.5171,-0.6916,0,0.0521,0.8176,0.5734,0,0,0.7204,0,1]},
{"frame":47,"values":[0.8809,0.2376,-0.4094,0,-0.4714,0.5175,-0.7141,0,0.0422,0.822,0.5679,0,0,0.7204,0,1]},
{"frame":48,"values":[0.9099,0.2113,-0.3569,0,-0.414,0.5167,-0.7494,0,0.0261,0.8297,0.5576,0,0,0.7204,0,1]},
{"frame":49,"values":[0.9442,0.1745,-0.2793,0,-0.3293,0.5125,-0.7931,0,0.0047,0.8408,0.5413,0,0,0.7204,0,1]},
{"frame":50,"values":[0.9761,0.1285,-0.1751,0,-0.2163,0.5017,-0.8376,0,-0.0198,0.8555,0.5175,0,0,0.7204,0,1]},
{"frame":51,"values":[0.996,0.0763,-0.0465,0,-0.0776,0.4814,-0.873,0,-0.0443,0.8732,0.4854,0,0,0.7204,0,1]},
{"frame":52,"values":[0.9948,0.023,0.0992,0,0.0783,0.4501,-0.8896,0,-0.0651,0.8927,0.4459,0,0,0.7204,0,1]},
{"frame":53,"values":[0.968,-0.026,0.2497,0,0.2383,0.4085,-0.8811,0,-0.0791,0.9124,0.4016,0,0,0.7204,0,1]},
{"frame":54,"values":[0.918,-0.066,0.3911,0,0.3874,0.3607,-0.8484,0,-0.0851,0.9304,0.3567,0,0,0.7204,0,1]},
{"frame":55,"values":[0.8536,-0.0951,0.5122,0,0.5141,0.312,-0.799,0,-0.0838,0.9453,0.3152,0,0,0.7204,0,1]},
{"frame":56,"values":[0.7861,-0.114,0.6075,0,0.6131,0.2677,-0.7432,0,-0.0779,0.9567,0.2803,0,0,0.7204,0,1]},
